0.0;0.8181611809138263
0.0001;0.8188785145070278
0.0002;0.8195935110790091
0.00030000000000000003;0.8203061565047598
0.0004;0.8210164367194566
0.0005;0.8217243377190688
0.0006000000000000001;0.8224298455609586
0.0007000000000000001;0.8231329463644801
0.0008000000000000001;0.8238336263115742
0.0009000000000000002;0.8245318716473609
0.0010000000000000002;0.8252276686807279
0.0011000000000000003;0.8259210037849176
0.0012000000000000003;0.8266118633981085
0.0013000000000000004;0.8273002340239957
0.0014000000000000004;0.8279861022323665
0.0015000000000000005;0.8286694546596736
0.0016000000000000005;0.8293502780096045
0.0017000000000000006;0.8300285590536474
0.0018000000000000006;0.8307042846316544
0.0019000000000000006;0.8313774416523997
0.0020000000000000005;0.8320480170941366
0.0021000000000000003;0.8327159980051481
0.0022;0.8333813715042966
0.0023;0.8340441247815675
0.0024;0.8347042450986117
0.0024999999999999996;0.8353617197892822
0.0025999999999999994;0.8360165362601668
0.0026999999999999993;0.8366686819911202
0.002799999999999999;0.837318144535788
0.002899999999999999;0.8379649115221295
0.0029999999999999988;0.8386089706529356
0.0030999999999999986;0.839250309706344
0.0031999999999999984;0.8398889165363478
0.0032999999999999982;0.8405247790733026
0.003399999999999998;0.8411578853244289
0.003499999999999998;0.8417882233743095
0.0035999999999999977;0.8424157813853832
0.0036999999999999976;0.8430405475984353
0.0037999999999999974;0.8436625103330818
0.0038999999999999972;0.844281657988252
0.0039999999999999975;0.8448979790426647
0.004099999999999998;0.8455114620553001
0.004199999999999998;0.8461220956658695
0.004299999999999998;0.8467298685952773
0.0043999999999999985;0.8473347696460827
0.004499999999999999;0.8479367877029524
0.004599999999999999;0.8485359117331122
0.004699999999999999;0.849132130786793
0.0048;0.8497254339976714
0.0049;0.8503158105833075
0.005;0.8509032498455759
0.0051;0.8514877411710938
0.005200000000000001;0.852069274031644
0.005300000000000001;0.8526478379845925
0.005400000000000001;0.8532234226733019
0.005500000000000001;0.8537960178275401
0.005600000000000002;0.8543656132638842
0.005700000000000002;0.8549321988861185
0.005800000000000002;0.85549576468563
0.0059000000000000025;0.8560563007417958
0.006000000000000003;0.8566137972223686
0.006100000000000003;0.8571682443838554
0.006200000000000003;0.8577196325718917
0.0063000000000000035;0.858267952221611
0.006400000000000004;0.8588131938580086
0.006500000000000004;0.8593553480963008
0.006600000000000004;0.8598944056422795
0.0067000000000000046;0.8604303572926602
0.006800000000000005;0.8609631939354266
0.006900000000000005;0.8614929065501686
0.007000000000000005;0.8620194862084161
0.007100000000000006;0.8625429240739664
0.007200000000000006;0.8630632114032086
0.007300000000000006;0.86358033954544
0.007400000000000006;0.8640942999431784
0.007500000000000007;0.8646050841324704
0.007600000000000007;0.8651126837431918
0.007700000000000007;0.8656170904993449
0.0078000000000000074;0.8661182962193485
0.007900000000000008;0.866616292816325
0.008000000000000007;0.8671110722983787
0.008100000000000007;0.8676026267688719
0.008200000000000006;0.8680909484266941
0.008300000000000005;0.8685760295665244
0.008400000000000005;0.8690578625790917
0.008500000000000004;0.8695364399514256
0.008600000000000003;0.8700117542671058
0.008700000000000003;0.870483798206501
0.008800000000000002;0.8709525645470075
0.008900000000000002;0.8714180461632781
0.009000000000000001;0.8718802360274476
0.0091;0.8723391272093521
0.0092;0.8727947128767423
0.0093;0.8732469862954917
0.009399999999999999;0.8736959408297988
0.009499999999999998;0.8741415699423838
0.009599999999999997;0.8745838671946794
0.009699999999999997;0.8750228262470158
0.009799999999999996;0.8754584408588004
0.009899999999999996;0.8758907048886918
0.009999999999999995;0.8763196122947674
0.010099999999999994;0.8767451571346855
0.010199999999999994;0.8771673335658419
0.010299999999999993;0.8775861358455209
0.010399999999999993;0.8780015583310397
0.010499999999999992;0.8784135954798873
0.010599999999999991;0.8788222418498588
0.01069999999999999;0.8792274920991814
0.01079999999999999;0.8796293409866369
0.01089999999999999;0.8800277833716772
0.010999999999999989;0.8804228142145345
0.011099999999999988;0.8808144285763246
0.011199999999999988;0.8812026216191458
0.011299999999999987;0.881587388606171
0.011399999999999987;0.8819687249017344
0.011499999999999986;0.8823466259714111
0.011599999999999985;0.8827210873820932
0.011699999999999985;0.8830921048020575
0.011799999999999984;0.883459674001029
0.011899999999999984;0.8838237908502375
0.011999999999999983;0.8841844513224693
0.012099999999999982;0.8845416514921115
0.012199999999999982;0.8848953875351925
0.012299999999999981;0.8852456557294143
0.01239999999999998;0.8855924524541807
0.01249999999999998;0.8859357741906186
0.01259999999999998;0.886275617521594
0.012699999999999979;0.8866119791317213
0.012799999999999978;0.8869448558073674
0.012899999999999977;0.8872742444366502
0.012999999999999977;0.8876001420094297
0.013099999999999976;0.8879225456172951
0.013199999999999976;0.8882414524535449
0.013299999999999975;0.8885568598131603
0.013399999999999974;0.8888687650927756
0.013499999999999974;0.8891771657906385
0.013599999999999973;0.8894820595065693
0.013699999999999973;0.88978344394191
0.013799999999999972;0.8900813168994695
0.013899999999999971;0.8903756762834639
0.01399999999999997;0.8906665200994482
0.01409999999999997;0.8909538464542451
0.01419999999999997;0.8912376535558657
0.014299999999999969;0.8915179397134254
0.014399999999999968;0.8917947033370541
0.014499999999999968;0.8920679429378007
0.014599999999999967;0.8923376571275299
0.014699999999999967;0.892603844618816
0.014799999999999966;0.8928665042248302
0.014899999999999965;0.8931256348592191
0.014999999999999965;0.8933812355359827
0.015099999999999964;0.8936333053693417
0.015199999999999964;0.8938818435736025
0.015299999999999963;0.8941268494630144
0.015399999999999962;0.8943683224516217
0.015499999999999962;0.8946062620531114
0.015599999999999961;0.8948406678806529
0.01569999999999996;0.895071539646733
0.01579999999999996;0.8952988771629864
0.01589999999999996;0.8955226803400191
0.01599999999999996;0.8957429491872263
0.016099999999999958;0.8959596838126054
0.016199999999999957;0.8961728844225627
0.016299999999999957;0.8963825513217155
0.016399999999999956;0.8965886849126872
0.016499999999999956;0.896791285695898
0.016599999999999955;0.8969903542693498
0.016699999999999954;0.8971858913284053
0.016799999999999954;0.8973778976655619
0.016899999999999953;0.89756637417022
0.016999999999999953;0.8977513218284461
0.017099999999999952;0.8979327417227302
0.01719999999999995;0.8981106350317374
0.01729999999999995;0.8982850030300555
0.01739999999999995;0.8984558470879356
0.01749999999999995;0.8986231686710284
0.01759999999999995;0.8987869693401149
0.01769999999999995;0.8989472507508315
0.017799999999999948;0.8991040146533902
0.017899999999999947;0.8992572628922941
0.017999999999999947;0.899406997406046
0.018099999999999946;0.8995532202268537
0.018199999999999945;0.8996959334803286
0.018299999999999945;0.8998351393851807
0.018399999999999944;0.8999708402529065
0.018499999999999944;0.9001030384874743
0.018599999999999943;0.9002317365850014
0.018699999999999942;0.9003569371334298
0.018799999999999942;0.9004786428121931
0.01889999999999994;0.9005968563918817
0.01899999999999994;0.9007115807339012
0.01909999999999994;0.9008228187901266
0.01919999999999994;0.9009305736025506
0.01929999999999994;0.9010348483029289
0.019399999999999938;0.9011356461124185
0.019499999999999938;0.9012329703412131
0.019599999999999937;0.9013268243881722
0.019699999999999936;0.9014172117404469
0.019799999999999936;0.901504135973099
0.019899999999999935;0.901587600748718
0.019999999999999934;0.9016676098170313
0.020099999999999934;0.9017441670145105
0.020199999999999933;0.9018172762639739
0.020299999999999933;0.9018869415741828
0.020399999999999932;0.9019531670394352
0.02049999999999993;0.902015956839153
0.02059999999999993;0.9020753152374668
0.02069999999999993;0.9021312465827945
0.02079999999999993;0.9021837553074168
0.02089999999999993;0.902232845927048
0.02099999999999993;0.9022785230404013
0.021099999999999928;0.9023207913287523
0.021199999999999927;0.9023596555554962
0.021299999999999927;0.9023951205657013
0.021399999999999926;0.9024271912856583
0.021499999999999925;0.9024558727224268
0.021599999999999925;0.9024811699633752
0.021699999999999924;0.9025030881757192
0.021799999999999924;0.9025216326060537
0.021899999999999923;0.9025368085798835
0.021999999999999922;0.9025486215011471
0.022099999999999922;0.9025570768517396
0.02219999999999992;0.9025621801910295
0.02229999999999992;0.9025639371553723
0.02239999999999992;0.9025623534576214
0.02249999999999992;0.9025574348866328
0.02259999999999992;0.9025491873067699
0.022699999999999918;0.9025376166573998
0.022799999999999918;0.9025227289523912
0.022899999999999917;0.902504530279604
0.022999999999999916;0.9024830268003785
0.023099999999999916;0.9024582247490207
0.023199999999999915;0.9024301304322822
0.023299999999999915;0.9023987502288389
0.023399999999999914;0.9023640905887654
0.023499999999999913;0.9023261580330066
0.023599999999999913;0.9022849591528446
0.023699999999999912;0.9022405006093641
0.02379999999999991;0.9021927891329141
0.02389999999999991;0.9021418315225658
0.02399999999999991;0.9020876346455676
0.02409999999999991;0.9020302054367988
0.02419999999999991;0.9019695508982162
0.02429999999999991;0.901905678098303
0.024399999999999908;0.9018385941715101
0.024499999999999907;0.9017683063176984
0.024599999999999907;0.9016948218015742
0.024699999999999906;0.9016181479521257
0.024799999999999905;0.9015382921620544
0.024899999999999905;0.9014552618872045
0.024999999999999904;0.9013690646459895
0.025099999999999904;0.9012797080188171
0.025199999999999903;0.9011871996475092
0.025299999999999902;0.9010915472347226
0.025399999999999902;0.9009927585433644
0.0254999999999999;0.9008908413960067
0.0255999999999999;0.9007858036742984
0.0256999999999999;0.900677653318374
0.0257999999999999;0.9005663983262618
0.0258999999999999;0.900452046753288
0.025999999999999898;0.9003346067114799
0.026099999999999898;0.9002140863689663
0.026199999999999897;0.9000904939493759
0.026299999999999896;0.8999638377312342
0.026399999999999896;0.8998341260473579
0.026499999999999895;0.8997013672842469
0.026599999999999895;0.8995655698814756
0.026699999999999894;0.8994267423310813
0.026799999999999893;0.8992848931769517
0.026899999999999893;0.8991400310142093
0.026999999999999892;0.8989921644885954
0.02709999999999989;0.8988413022958522
0.02719999999999989;0.8986874531811028
0.02729999999999989;0.8985306259382297
0.02739999999999989;0.8983708294092523
0.02749999999999989;0.8982080724837023
0.02759999999999989;0.8980423640979985
0.027699999999999888;0.8978737132348193
0.027799999999999887;0.8977021289224747
0.027899999999999887;0.8975276202342756
0.027999999999999886;0.8973501962879047
0.028099999999999885;0.8971698662447831
0.028199999999999885;0.896986639309437
0.028299999999999884;0.8968005247288648
0.028399999999999884;0.8966115317919005
0.028499999999999883;0.8964196698285781
0.028599999999999882;0.8962249482094942
0.028699999999999882;0.8960273763451698
0.02879999999999988;0.8958269636854124
0.02889999999999988;0.8956237197186744
0.02899999999999988;0.8954176539714147
0.02909999999999988;0.8952087760074569
0.02919999999999988;0.8949970954273467
0.029299999999999878;0.8947826218677112
0.029399999999999878;0.8945653650006145
0.029499999999999877;0.8943453345329155
0.029599999999999876;0.8941225402056239
0.029699999999999876;0.8938969917932553
0.029799999999999875;0.893668699103188
0.029899999999999875;0.893437671975017
0.029999999999999874;0.8932039202799096
0.030099999999999873;0.8929674539199598
0.030199999999999873;0.8927282828275435
0.030299999999999872;0.8924864169646723
0.03039999999999987;0.8922418663223487
0.03049999999999987;0.8919946409199198
0.03059999999999987;0.8917447508044322
0.03069999999999987;0.8914922060499868
0.03079999999999987;0.8912370167570933
0.03089999999999987;0.8909791930520248
0.030999999999999868;0.8907187450861735
0.031099999999999867;0.8904556830354061
0.031199999999999867;0.8901900170994194
0.03129999999999987;0.8899217575010958
0.03139999999999987;0.8896509144858618
0.031499999999999875;0.8893774983210423
0.03159999999999988;0.8891015192952212
0.03169999999999988;0.8888229877175966
0.031799999999999884;0.8885419139173418
0.03189999999999989;0.8882583082429638
0.03199999999999989;0.8879721810616632
0.03209999999999989;0.8876835427586951
0.032199999999999895;0.8873924037367318
0.0322999999999999;0.8870987744152239
0.0323999999999999;0.8868026652297644
0.032499999999999904;0.8865040866314531
0.03259999999999991;0.8862030490862616
0.03269999999999991;0.8858995630743995
0.03279999999999991;0.8855936390896832
0.032899999999999915;0.8852852876389021
0.03299999999999992;0.8849745192411903
0.03309999999999992;0.8846613444273963
0.033199999999999924;0.8843457737394559
0.03329999999999993;0.884027817729765
0.03339999999999993;0.883707486960555
0.03349999999999993;0.8833847920032687
0.033599999999999935;0.8830597434379377
0.03369999999999994;0.8827323518525613
0.03379999999999994;0.8824026278424879
0.033899999999999944;0.8820705820097963
0.03399999999999995;0.8817362249626799
0.03409999999999995;0.8813995673148318
0.03419999999999995;0.8810606196848318
0.034299999999999956;0.8807193926955355
0.03439999999999996;0.8803758969734644
0.03449999999999996;0.8800301431481988
0.034599999999999964;0.8796821418517713
0.03469999999999997;0.8793319037180636
0.03479999999999997;0.8789794393822037
0.03489999999999997;0.8786247594799663
0.034999999999999976;0.8782678746471758
0.03509999999999998;0.8779087955191082
0.03519999999999998;0.8775475327298988
0.035299999999999984;0.8771840969119502
0.03539999999999999;0.8768184986953425
0.03549999999999999;0.876450748707246
0.03559999999999999;0.8760808575713364
0.035699999999999996;0.8757088359072109
0.0358;0.8753346943298097
0.0359;0.8749584434488356
0.036000000000000004;0.8745800938681798
0.03610000000000001;0.8741996561853481
0.03620000000000001;0.8738171409908901
0.03630000000000001;0.8734325588678306
0.036400000000000016;0.8730459203911043
0.03650000000000002;0.8726572361269922
0.03660000000000002;0.8722665166325616
0.036700000000000024;0.871873772455107
0.03680000000000003;0.8714790141315965
0.03690000000000003;0.8710822521881174
0.03700000000000003;0.8706834971393285
0.037100000000000036;0.8702827594879112
0.03720000000000004;0.8698800497240269
0.03730000000000004;0.8694753783247742
0.037400000000000044;0.8690687557536518
0.03750000000000005;0.868660192460023
0.03760000000000005;0.8682496988785819
0.03770000000000005;0.8678372854288249
0.037800000000000056;0.867422962514524
0.03790000000000006;0.8670067405232036
0.03800000000000006;0.8665886298256193
0.038100000000000064;0.8661686407752416
0.03820000000000007;0.8657467837077408
0.03830000000000007;0.8653230689404772
0.03840000000000007;0.864897506771992
0.038500000000000076;0.864470107481504
0.03860000000000008;0.8640408813284077
0.03870000000000008;0.8636098385517754
0.038800000000000084;0.8631769893698626
0.03890000000000009;0.8627423439796166
0.03900000000000009;0.8623059125561887
0.03910000000000009;0.8618677052524497
0.039200000000000096;0.8614277321985089
0.0393000000000001;0.8609860035012356
0.0394000000000001;0.8605425292437862
0.039500000000000104;0.8600973194851322
0.03960000000000011;0.859650384259595
0.03970000000000011;0.8592017335763795
0.03980000000000011;0.8587513774191168
0.039900000000000116;0.858299325745406
0.04000000000000012;0.8578455884863623
0.04010000000000012;0.8573901755461677
0.040200000000000125;0.8569330968016251
0.04030000000000013;0.8564743621017172
0.04040000000000013;0.8560139812671683
0.04050000000000013;0.8555519640900093
0.040600000000000136;0.8550883203331479
0.04070000000000014;0.854623059729942
0.04080000000000014;0.8541561919837759
0.040900000000000145;0.8536877267676417
0.04100000000000015;0.8532176737237243
0.04110000000000015;0.8527460424629888
0.04120000000000015;0.8522728425647748
0.041300000000000156;0.8517980835763903
0.04140000000000016;0.8513217750127149
0.04150000000000016;0.8508439263558012
0.041600000000000165;0.8503645470544845
0.04170000000000017;0.849883646523995
0.04180000000000017;0.849401234145573
0.04190000000000017;0.8489173192660897
0.042000000000000176;0.8484319111976715
0.04210000000000018;0.8479450192173268
0.04220000000000018;0.8474566525665803
0.042300000000000185;0.8469668204511076
0.04240000000000019;0.8464755320403763
0.04250000000000019;0.8459827964672899
0.04260000000000019;0.8454886228278375
0.042700000000000196;0.844993020180745
0.0428000000000002;0.8444959975471327
0.0429000000000002;0.8439975639101762
0.043000000000000205;0.8434977282147718
0.04310000000000021;0.8429964993672047
0.04320000000000021;0.8424938862348235
0.04330000000000021;0.8419898976457174
0.043400000000000216;0.8414845423883979
0.04350000000000022;0.8409778292114853
0.04360000000000022;0.8404697668233985
0.043700000000000225;0.8399603638920492
0.04380000000000023;0.8394496290445419
0.04390000000000023;0.8389375708668751
0.04400000000000023;0.8384241979036501
0.044100000000000236;0.8379095186577811
0.04420000000000024;0.8373935415902117
0.04430000000000024;0.8368762751196352
0.044400000000000245;0.836357727622218
0.04450000000000025;0.8358379074313289
0.04460000000000025;0.8353168228372712
0.04470000000000025;0.8347944820870203
0.044800000000000256;0.8342708933839655
0.04490000000000026;0.8337460648876553
0.04500000000000026;0.8332200047135472
0.045100000000000265;0.8326927209327624
0.04520000000000027;0.8321642215718446
0.04530000000000027;0.8316345146125226
0.045400000000000273;0.8311036079914778
0.045500000000000276;0.830571509600116
0.04560000000000028;0.830038227284343
0.04570000000000028;0.8295037688443452
0.045800000000000285;0.8289681420343735
0.04590000000000029;0.8284313545625335
0.04600000000000029;0.8278934140905772
0.046100000000000294;0.8273543282337017
0.046200000000000296;0.8268141045603506
0.0463000000000003;0.8262727505920202
0.0464000000000003;0.82573027380307
0.046500000000000305;0.8251866816205377
0.04660000000000031;0.8246419814239581
0.04670000000000031;0.8240961805451869
0.046800000000000314;0.8235492862682281
0.046900000000000316;0.823001305829066
0.04700000000000032;0.8224522464155024
0.04710000000000032;0.8219021151669957
0.047200000000000325;0.8213509191745076
0.04730000000000033;0.8207986654803514
0.04740000000000033;0.8202453610780448
0.047500000000000334;0.8196910129121697
0.047600000000000336;0.8191356278782322
0.04770000000000034;0.8185792128225304
0.04780000000000034;0.818021774542024
0.047900000000000345;0.8174633197842098
0.04800000000000035;0.8169038552470003
0.04810000000000035;0.8163433875786072
0.048200000000000354;0.8157819233774294
0.04830000000000036;0.8152194691919437
0.04840000000000036;0.8146560315206013
0.04850000000000036;0.8140916168117287
0.048600000000000365;0.8135262314634306
0.04870000000000037;0.8129598818234998
0.04880000000000037;0.8123925741893285
0.048900000000000374;0.8118243148078269
0.04900000000000038;0.8112551098753422
0.04910000000000038;0.8106849655375853
0.04920000000000038;0.8101138878895595
0.049300000000000385;0.8095418829754937
0.04940000000000039;0.8089689567887801
0.04950000000000039;0.8083951152719158
0.049600000000000394;0.8078203643164481
0.0497000000000004;0.8072447097629246
0.0498000000000004;0.8066681574008471
0.0499000000000004;0.8060907129686284
0.050000000000000405;0.8055123821535553
0.05010000000000041;0.8049331705917536
0.05020000000000041;0.8043530838681583
0.050300000000000414;0.8037721275164873
0.05040000000000042;0.803190307019219
0.05050000000000042;0.8026076278075738
0.05060000000000042;0.8020240952615005
0.050700000000000425;0.8014397147096654
0.05080000000000043;0.8008544914294446
0.05090000000000043;0.8002684306469239
0.051000000000000434;0.7996815375368969
0.05110000000000044;0.7990938172228726
0.05120000000000044;0.7985052747770829
0.05130000000000044;0.7979159152204951
0.051400000000000445;0.7973257435228294
0.05150000000000045;0.7967347646025782
0.05160000000000045;0.7961429833270303
0.051700000000000454;0.795550404512299
0.05180000000000046;0.7949570329233528
0.05190000000000046;0.7943628732740518
0.05200000000000046;0.7937679302271847
0.052100000000000465;0.7931722083945127
0.05220000000000047;0.7925757123368156
0.05230000000000047;0.7919784465639403
0.052400000000000474;0.7913804155348557
0.05250000000000048;0.7907816236577083
0.05260000000000048;0.7901820752898836
0.05270000000000048;0.7895817747380693
0.052800000000000485;0.7889807262583239
0.05290000000000049;0.7883789340561461
0.05300000000000049;0.7877764022865512
0.053100000000000494;0.7871731350541474
0.0532000000000005;0.7865691364132181
0.0533000000000005;0.7859644103678061
0.0534000000000005;0.7853589608718025
0.053500000000000505;0.7847527918290369
0.05360000000000051;0.7841459070933735
0.05370000000000051;0.783538310468809
0.053800000000000514;0.7829300057095732
0.05390000000000052;0.7823209965202347
0.05400000000000052;0.781711286555808
0.05410000000000052;0.7811008794218658
0.054200000000000526;0.7804897786746519
0.05430000000000053;0.7798779878211992
0.05440000000000053;0.7792655103194516
0.054500000000000534;0.7786523495783857
0.05460000000000054;0.7780385089581394
0.05470000000000054;0.7774239917701408
0.05480000000000054;0.7768088012772413
0.054900000000000546;0.7761929406938521
0.05500000000000055;0.775576413186083
0.05510000000000055;0.7749592218718839
0.055200000000000554;0.7743413698211903
0.05530000000000056;0.7737228600560705
0.05540000000000056;0.773103695550877
0.05550000000000056;0.7724838792323997
0.055600000000000566;0.7718634139800218
0.05570000000000057;0.7712423026258801
0.05580000000000057;0.7706205479550259
0.055900000000000574;0.7699981527055908
0.05600000000000058;0.7693751195689531
0.05610000000000058;0.7687514511899086
0.05620000000000058;0.7681271501668436
0.056300000000000586;0.7675022190519101
0.05640000000000059;0.7668766603512036
0.05650000000000059;0.7662504765249447
0.056600000000000594;0.7656236699876617
0.0567000000000006;0.7649962431083766
0.0568000000000006;0.7643681982107935
0.0569000000000006;0.7637395375734894
0.057000000000000606;0.7631102634301079
0.05710000000000061;0.7624803779695535
0.05720000000000061;0.7618498833361915
0.057300000000000614;0.7612187816300477
0.05740000000000062;0.7605870749070109
0.05750000000000062;0.7599547651790386
0.05760000000000062;0.7593218544143641
0.057700000000000626;0.7586883445377062
0.05780000000000063;0.7580542374304815
0.05790000000000063;0.7574195349310182
0.058000000000000634;0.7567842388347724
0.05810000000000064;0.756148350894547
0.05820000000000064;0.7555118728207113
0.05830000000000064;0.754874806281425
0.058400000000000646;0.7542371529028619
0.05850000000000065;0.7535989142694369
0.05860000000000065;0.7529600919240352
0.058700000000000654;0.7523206873682426
0.05880000000000066;0.7516807020625784
0.05890000000000066;0.7510401374267297
0.05900000000000066;0.7503989948397886
0.059100000000000666;0.7497572756404898
0.05920000000000067;0.7491149811274516
0.05930000000000067;0.7484721125594167
0.059400000000000674;0.7478286711554978
0.05950000000000068;0.7471846580954213
0.05960000000000068;0.7465400745197758
0.05970000000000068;0.7458949215302606
0.059800000000000686;0.7452492001899362
0.05990000000000069;0.7446029115234769
0.06000000000000069;0.7439560565174246
0.060100000000000695;0.7433086361204435
0.0602000000000007;0.7426606512435787
0.0603000000000007;0.7420121027605129
0.0604000000000007;0.7413629915078277
0.060500000000000706;0.7407133182852643
0.06060000000000071;0.7400630838559871
0.06070000000000071;0.7394122889468472
0.060800000000000715;0.738760934248649
0.06090000000000072;0.7381090204164165
0.06100000000000072;0.7374565480696619
0.06110000000000072;0.7368035177926555
0.061200000000000726;0.7361499301346965
0.06130000000000073;0.7354957856103852
0.06140000000000073;0.7348410846998963
0.061500000000000735;0.7341858278492532
0.06160000000000074;0.7335300154706049
0.06170000000000074;0.7328736479425011
0.06180000000000074;0.7322167256101718
0.061900000000000746;0.7315592487858055
0.06200000000000075;0.7309012177488292
0.06210000000000075;0.7302426327461904
0.062200000000000755;0.7295834939926378
0.06230000000000076;0.728923801671006
0.06240000000000076;0.7282635559324979
0.06250000000000076;0.7276027568969713
0.06260000000000077;0.7269414046532232
0.06270000000000077;0.7262794992592773
0.06280000000000077;0.7256170407426714
0.06290000000000077;0.7249540291007459
0.06300000000000078;0.7242904643009322
0.06310000000000078;0.7236263462810435
0.06320000000000078;0.7229616749495646
0.06330000000000079;0.7222964501859436
0.06340000000000079;0.7216306718408839
0.06350000000000079;0.7209643397366365
0.0636000000000008;0.7202974536672936
0.0637000000000008;0.7196300133990821
0.0638000000000008;0.7189620186706582
0.0639000000000008;0.7182934691934029
0.0640000000000008;0.717624364651716
0.06410000000000081;0.7169547047033138
0.06420000000000081;0.7162844889795246
0.06430000000000081;0.7156137170855856
0.06440000000000082;0.714942388600941
0.06450000000000082;0.7142705030795387
0.06460000000000082;0.7135980600501292
0.06470000000000083;0.7129250590165639
0.06480000000000083;0.7122514994580936
0.06490000000000083;0.7115773808296683
0.06500000000000083;0.7109027025622355
0.06510000000000084;0.7102274640630412
0.06520000000000084;0.7095516647159286
0.06530000000000084;0.7088753038816389
0.06540000000000085;0.7081983808981116
0.06550000000000085;0.7075208950807843
0.06560000000000085;0.7068428457228944
0.06570000000000085;0.7061642320957786
0.06580000000000086;0.7054850534491748
0.06590000000000086;0.7048053090115222
0.06600000000000086;0.7041249979902631
0.06610000000000087;0.7034441195721429
0.06620000000000087;0.7027626729235122
0.06630000000000087;0.7020806571906268
0.06640000000000087;0.7013980714999494
0.06650000000000088;0.70071491495845
0.06660000000000088;0.7000311866539073
0.06670000000000088;0.6993468856552092
0.06680000000000089;0.6986620110126531
0.06690000000000089;0.6979765617582474
0.06700000000000089;0.6972905369060103
0.0671000000000009;0.696603935452272
0.0672000000000009;0.6959167563759727
0.0673000000000009;0.6952289986389644
0.0674000000000009;0.6945406611863084
0.0675000000000009;0.6938517429465761
0.06760000000000091;0.6931622428321478
0.06770000000000091;0.6924721597395109
0.06780000000000092;0.6917814925495589
0.06790000000000092;0.6910902401278893
0.06800000000000092;0.6903984013251017
0.06810000000000092;0.6897059749770945
0.06820000000000093;0.6890129599053629
0.06830000000000093;0.6883193549172952
0.06840000000000093;0.6876251588064685
0.06850000000000094;0.6869303703529454
0.06860000000000094;0.686234988323569
0.06870000000000094;0.6855390114722576
0.06880000000000094;0.6848424385402998
0.06890000000000095;0.6841452682566476
0.06900000000000095;0.6834474993382105
0.06910000000000095;0.682749130490148
0.06920000000000096;0.6820501604061625
0.06930000000000096;0.6813505877687906
0.06940000000000096;0.6806504112496945
0.06950000000000096;0.679949629509953
0.06960000000000097;0.6792482412003507
0.06970000000000097;0.6785462449616686
0.06980000000000097;0.6778436394249718
0.06990000000000098;0.6771404232118989
0.07000000000000098;0.6764365949349483
0.07010000000000098;0.6757321531977658
0.07020000000000098;0.6750270965954304
0.07030000000000099;0.6743214237147398
0.07040000000000099;0.6736151331344956
0.07050000000000099;0.6729082234257869
0.070600000000001;0.6722006931522737
0.070700000000001;0.6714925408704692
0.070800000000001;0.6707837651300219
0.070900000000001;0.6700743644739973
0.071000000000001;0.669364337439156
0.07110000000000101;0.6686536825562357
0.07120000000000101;0.6679423983502282
0.07130000000000102;0.6672304833406577
0.07140000000000102;0.666517936041858
0.07150000000000102;0.665804754963248
0.07160000000000102;0.665090938609608
0.07170000000000103;0.664376485481353
0.07180000000000103;0.6636613940748073
0.07190000000000103;0.6629456628824766
0.07200000000000104;0.66222929039332
0.07210000000000104;0.6615122750930209
0.07220000000000104;0.660794615464257
0.07230000000000104;0.6600763099869695
0.07240000000000105;0.6593573571386309
0.07250000000000105;0.658637755394513
0.07260000000000105;0.6579175032279523
0.07270000000000106;0.657196599110616
0.07280000000000106;0.6564750415127661
0.07290000000000106;0.655752828903523
0.07300000000000106;0.6550299597511281
0.07310000000000107;0.6543064325232045
0.07320000000000107;0.6535822456870188
0.07330000000000107;0.6528573977097396
0.07340000000000108;0.6521318870586961
0.07350000000000108;0.6514057122016362
0.07360000000000108;0.6506788716069829
0.07370000000000108;0.6499513637440887
0.07380000000000109;0.6492231870834919
0.07390000000000109;0.6484943400971686
0.07400000000000109;0.6477648212587854
0.0741000000000011;0.6470346290439516
0.0742000000000011;0.6463037619304683
0.0743000000000011;0.6455722183985788
0.0744000000000011;0.6448399969312157
0.07450000000000111;0.6441070960142495
0.07460000000000111;0.6433735141367334
0.07470000000000111;0.6426392497911491
0.07480000000000112;0.6419043014736506
0.07490000000000112;0.6411686676843071
0.07500000000000112;0.6404323469273451
0.07510000000000112;0.6396953377113885
0.07520000000000113;0.6389576385496993
0.07530000000000113;0.6382192479604155
0.07540000000000113;0.6374801644667887
0.07550000000000114;0.6367403865974206
0.07560000000000114;0.6359999128864988
0.07570000000000114;0.6352587418740304
0.07580000000000114;0.6345168721060753
0.07590000000000115;0.6337743021349789
0.07600000000000115;0.6330310305196023
0.07610000000000115;0.6322870558255524
0.07620000000000116;0.6315423766254111
0.07630000000000116;0.6307969914989625
0.07640000000000116;0.6300508990334197
0.07650000000000116;0.6293040978236504
0.07660000000000117;0.6285565864724008
0.07670000000000117;0.6278083635905193
0.07680000000000117;0.627059427797179
0.07690000000000118;0.6263097777200983
0.07700000000000118;0.6255594119957604
0.07710000000000118;0.6248083292696334
0.07720000000000118;0.6240565281963871
0.07730000000000119;0.6233040074401103
0.07740000000000119;0.6225507656745258
0.07750000000000119;0.6217968015832054
0.0776000000000012;0.6210421138597831
0.0777000000000012;0.6202867012081673
0.0778000000000012;0.619530562342752
0.0779000000000012;0.6187736959886272
0.07800000000000121;0.6180161008817875
0.07810000000000121;0.6172577757693405
0.07820000000000121;0.6164987194097132
0.07830000000000122;0.615738930572858
0.07840000000000122;0.6149784080404573
0.07850000000000122;0.6142171506061274
0.07860000000000122;0.6134551570756203
0.07870000000000123;0.6126924262670259
0.07880000000000123;0.6119289570109723
0.07890000000000123;0.6111647481508244
0.07900000000000124;0.6103997985428831
0.07910000000000124;0.6096341070565816
0.07920000000000124;0.6088676725746824
0.07930000000000124;0.6081004939934719
0.07940000000000125;0.607332570222954
0.07950000000000125;0.6065639001870436
0.07960000000000125;0.6057944828237591
0.07970000000000126;0.6050243170854119
0.07980000000000126;0.6042534019387974
0.07990000000000126;0.6034817363653832
0.08000000000000126;0.6027093193614967
0.08010000000000127;0.6019361499385134
0.08020000000000127;0.6011622271230401
0.08030000000000127;0.600387549957102
0.08040000000000128;0.599612117498325
0.08050000000000128;0.5988359288201189
0.08060000000000128;0.5980589830118592
0.08070000000000128;0.5972812791790676
0.08080000000000129;0.5965028164435917
0.08090000000000129;0.595723593943784
0.0810000000000013;0.5949436108346795
0.0811000000000013;0.5941628662881723
0.0812000000000013;0.5933813594931917
0.0813000000000013;0.5925990896558769
0.0814000000000013;0.5918160559997511
0.08150000000000131;0.591032257765894
0.08160000000000131;0.5902476942131138
0.08170000000000131;0.5894623646181193
0.08180000000000132;0.5886762682756883
0.08190000000000132;0.587889404498838
0.08200000000000132;0.5871017726189927
0.08210000000000132;0.5863133719861515
0.08220000000000133;0.5855242019690543
0.08230000000000133;0.5847342619553475
0.08240000000000133;0.5839435513517486
0.08250000000000134;0.5831520695842097
0.08260000000000134;0.5823598160980807
0.08270000000000134;0.5815667903582709
0.08280000000000134;0.58077299184941
0.08290000000000135;0.5799784200760083
0.08300000000000135;0.5791830745626163
0.08310000000000135;0.5783869548539827
0.08320000000000136;0.5775900605152124
0.08330000000000136;0.5767923911319228
0.08340000000000136;0.5759939463104
0.08350000000000136;0.575194725677754
0.08360000000000137;0.5743947288820721
0.08370000000000137;0.5735939555925735
0.08380000000000137;0.572792405499761
0.08390000000000138;0.5719900783155731
0.08400000000000138;0.5711869737735351
0.08410000000000138;0.5703830916289088
0.08420000000000138;0.5695784316588426
0.08430000000000139;0.5687729936625192
0.08440000000000139;0.5679667774613046
0.0845000000000014;0.567159782898894
0.0846000000000014;0.5663520098414586
0.0847000000000014;0.5655434581777914
0.0848000000000014;0.5647341278194512
0.0849000000000014;0.5639240187009076
0.08500000000000141;0.5631131307796835
0.08510000000000141;0.5623014640364979
0.08520000000000141;0.5614890184754082
0.08530000000000142;0.5606757941239502
0.08540000000000142;0.5598617910332799
0.08550000000000142;0.559047009278312
0.08560000000000142;0.5582314489578593
0.08570000000000143;0.5574151101947713
0.08580000000000143;0.5565979931360715
0.08590000000000143;0.5557800979530942
0.08600000000000144;0.554961424841621
0.08610000000000144;0.554141974022016
0.08620000000000144;0.5533217457393613
0.08630000000000144;0.5525007402635908
0.08640000000000145;0.5516789578896233
0.08650000000000145;0.5508563989374968
0.08660000000000145;0.5500330637524997
0.08670000000000146;0.5492089527053025
0.08680000000000146;0.5483840661920892
0.08690000000000146;0.5475584046346881
0.08700000000000147;0.5467319684807004
0.08710000000000147;0.5459047582036303
0.08720000000000147;0.5450767743030133
0.08730000000000147;0.5442480173045443
0.08740000000000148;0.5434184877602048
0.08750000000000148;0.5425881862483898
0.08760000000000148;0.5417571133740335
0.08770000000000149;0.5409252697687359
0.08780000000000149;0.5400926560908869
0.08790000000000149;0.539259273025791
0.0880000000000015;0.5384251212857919
0.0881000000000015;0.5375902016103946
0.0882000000000015;0.536754514766389
0.0883000000000015;0.5359180615479724
0.0884000000000015;0.5350808427768698
0.08850000000000151;0.5342428593024572
0.08860000000000151;0.5334041120018798
0.08870000000000151;0.5325646017801737
0.08880000000000152;0.5317243295703855
0.08890000000000152;0.5308832963336898
0.08900000000000152;0.5300415030595096
0.08910000000000153;0.5291989507656327
0.08920000000000153;0.5283556404983303
0.08930000000000153;0.5275115733324731
0.08940000000000153;0.5266667503716482
0.08950000000000154;0.5258211727482756
0.08960000000000154;0.5249748416237221
0.08970000000000154;0.5241277581884177
0.08980000000000155;0.5232799236619697
0.08990000000000155;0.5224313392932762
0.09000000000000155;0.5215820063606403
0.09010000000000155;0.5207319261718826
0.09020000000000156;0.5198811000644536
0.09030000000000156;0.5190295294055466
0.09040000000000156;0.5181772155922085
0.09050000000000157;0.5173241600514511
0.09060000000000157;0.5164703642403619
0.09070000000000157;0.5156158296462142
0.09080000000000157;0.514760557786577
0.09090000000000158;0.5139045502094237
0.09100000000000158;0.5130478084932418
0.09110000000000158;0.5121903342471403
0.09120000000000159;0.5113321291109583
0.09130000000000159;0.510473194755372
0.09140000000000159;0.509613532882002
0.0915000000000016;0.5087531452235197
0.0916000000000016;0.507892033543753
0.0917000000000016;0.507030199637793
0.0918000000000016;0.5061676453320979
0.0919000000000016;0.5053043724845987
0.09200000000000161;0.5044403829848028
0.09210000000000161;0.5035756787538984
0.09220000000000161;0.5027102617448579
0.09230000000000162;0.5018441339425402
0.09240000000000162;0.500977297363794
0.09250000000000162;0.5001097540575596
0.09260000000000163;0.4992415061049703
0.09270000000000163;0.4983725556194537
0.09280000000000163;0.4975029047468328
0.09290000000000163;0.49663255566542575
0.09300000000000164;0.49576151058614615
0.09310000000000164;0.49488977175260224
0.09320000000000164;0.4940173414411957
0.09330000000000165;0.49314422196122065
0.09340000000000165;0.49227041565496116
0.09350000000000165;0.49139592489778927
0.09360000000000165;0.4905207520982619
0.09370000000000166;0.4896448996982177
0.09380000000000166;0.48876837017287317
0.09390000000000166;0.48789116603091864
0.09400000000000167;0.48701328981461345
0.09410000000000167;0.4861347440998808
0.09420000000000167;0.48525553149640227
0.09430000000000167;0.4843756546477118
0.09440000000000168;0.4834951162312889
0.09450000000000168;0.48261391895865197
0.09460000000000168;0.4817320655754507
0.09470000000000169;0.480849558861558
0.09480000000000169;0.4799664016311618
0.09490000000000169;0.47908259673285597
0.0950000000000017;0.47819814704973096
0.0951000000000017;0.47731305549946396
0.0952000000000017;0.4764273250344083
0.0953000000000017;0.4755409586416832
0.0954000000000017;0.47465395934326127
0.09550000000000171;0.47376633019605785
0.09560000000000171;0.4728780742920178
0.09570000000000171;0.4719891947582026
0.09580000000000172;0.4710996947568775
0.09590000000000172;0.4702095774855971
0.09600000000000172;0.46931884617729064
0.09610000000000173;0.46842750410034767
0.09620000000000173;0.46753555455870177
0.09630000000000173;0.46664300089191485
0.09640000000000173;0.4657498464752605
0.09650000000000174;0.4648560947198066
0.09660000000000174;0.46396174907249743
0.09670000000000174;0.46306681301623576
0.09680000000000175;0.4621712900699634
0.09690000000000175;0.4612751837887421
0.09700000000000175;0.4603784977638332
0.09710000000000175;0.45948123562277726
0.09720000000000176;0.4585834010294724
0.09730000000000176;0.45768499768425264
0.09740000000000176;0.4567860293239652
0.09750000000000177;0.45588649972204787
0.09760000000000177;0.4549864126886045
0.09770000000000177;0.4540857720704814
0.09780000000000177;0.45318458175134163
0.09790000000000178;0.4522828456517398
0.09800000000000178;0.4513805677291956
0.09810000000000178;0.45047775197826667
0.09820000000000179;0.44957440243062113
0.09830000000000179;0.448670523155109
0.09840000000000179;0.44776611825783347
0.0985000000000018;0.44686119188222084
0.0986000000000018;0.44595574820909023
0.0987000000000018;0.44504979145672247
0.0988000000000018;0.44414332588092803
0.0989000000000018;0.44323635577511467
0.09900000000000181;0.44232888547035365
0.09910000000000181;0.4414209193354463
0.09920000000000181;0.4405124617769885
0.09930000000000182;0.4396035172394352
0.09940000000000182;0.43869409020516426
0.09950000000000182;0.4377841851945391
0.09960000000000183;0.43687380676597043
0.09970000000000183;0.43596295951597797
0.09980000000000183;0.43505164807925034
0.09990000000000183;0.4341398771287049
0.10000000000000184;0.4332276513755461
0.10010000000000184;0.4323149755693239
0.10020000000000184;0.4314018544979903
0.10030000000000185;0.4304882929879554
0.10040000000000185;0.4295742959041432
0.10050000000000185;0.42865986815004536
0.10060000000000185;0.42774501466777504
0.10070000000000186;0.4268297404381192
0.10080000000000186;0.4259140504805904
0.10090000000000186;0.4249979498534774
0.10100000000000187;0.42408144365389466
0.10110000000000187;0.4231645370178318
0.10120000000000187;0.42224723512020057
0.10130000000000187;0.42132954317488225
0.10140000000000188;0.42041146643477334
0.10150000000000188;0.4194930101918303
0.10160000000000188;0.4185741797771134
0.10170000000000189;0.4176549805608297
0.10180000000000189;0.4167354179523745
0.10190000000000189;0.41581549740037227
0.1020000000000019;0.4148952243927162
0.1021000000000019;0.4139746044566068
0.1022000000000019;0.41305364315858917
0.1023000000000019;0.4121323461045899
0.1024000000000019;0.41121071893995154
0.10250000000000191;0.4102887673494675
0.10260000000000191;0.4093664970574147
0.10270000000000191;0.40844391382758516
0.10280000000000192;0.4075210234633173
0.10290000000000192;0.40659783180752485
0.10300000000000192;0.4056743447427255
0.10310000000000193;0.404750568191068
0.10320000000000193;0.40382650811435794
0.10330000000000193;0.4029021705140824
0.10340000000000193;0.4019775614314336
0.10350000000000194;0.4010526869473307
0.10360000000000194;0.4001275531824412
0.10370000000000194;0.3992021662972002
0.10380000000000195;0.3982765324918287
0.10390000000000195;0.39735065800635094
0.10400000000000195;0.39642454912060987
0.10410000000000195;0.39549821215428155
0.10420000000000196;0.39457165346688816
0.10430000000000196;0.39364487945780985
0.10440000000000196;0.39271789656629463
0.10450000000000197;0.3917907112714678
0.10460000000000197;0.39086333009233887
0.10470000000000197;0.3899357595878081
0.10480000000000197;0.3890080063566708
0.10490000000000198;0.38808007703762104
0.10500000000000198;0.38715197830925263
0.10510000000000198;0.3862237168900602
0.10520000000000199;0.38529529953843744
0.10530000000000199;0.38436673305267466
0.10540000000000199;0.3834380242709544
0.105500000000002;0.38250918007134593
0.105600000000002;0.38158020737179765
0.105700000000002;0.3806511131301286
0.105800000000002;0.37972190434401787
0.105900000000002;0.3787925880509925
0.10600000000000201;0.3778631713284142
0.10610000000000201;0.37693366129346384
0.10620000000000202;0.37600406510312506
0.10630000000000202;0.3750743899541653
0.10640000000000202;0.37414464308311607
0.10650000000000202;0.3732148317662512
0.10660000000000203;0.3722849633195632
0.10670000000000203;0.37135504509873823
0.10680000000000203;0.37042508449912936
0.10690000000000204;0.3694950889557278
0.10700000000000204;0.36856506594313293
0.10710000000000204;0.3676350229755199
0.10720000000000204;0.3667049676066062
0.10730000000000205;0.3657749074296159
0.10740000000000205;0.3648448500772422
0.10750000000000205;0.3639148032216085
0.10760000000000206;0.36298477457422756
0.10770000000000206;0.3620547718859582
0.10780000000000206;0.3611248029469611
0.10790000000000206;0.3601948755866523
0.10800000000000207;0.3592649976736546
0.10810000000000207;0.3583351771157475
0.10820000000000207;0.3574054218598152
0.10830000000000208;0.3564757398917922
0.10840000000000208;0.3555461392366079
0.10850000000000208;0.35461662795812793
0.10860000000000208;0.35368721415909526
0.10870000000000209;0.3527579059810676
0.10880000000000209;0.35182871160435425
0.10890000000000209;0.3508996392479499
0.1090000000000021;0.34997069716946716
0.1091000000000021;0.34904189366506677
0.1092000000000021;0.34811323706938574
0.1093000000000021;0.3471847357554637
0.1094000000000021;0.3462563981346669
0.10950000000000211;0.34532823265661033
0.10960000000000211;0.3444002478090779
0.10970000000000212;0.3434724521179402
0.10980000000000212;0.34254485414707037
0.10990000000000212;0.3416174624982579
0.11000000000000212;0.34069028581112026
0.11010000000000213;0.33976333276301235
0.11020000000000213;0.33883661206893373
0.11030000000000213;0.3379101324814342
0.11040000000000214;0.33698390279051627
0.11050000000000214;0.3360579318235365
0.11060000000000214;0.33513222844510393
0.11070000000000214;0.3342068015569767
0.11080000000000215;0.3332816600979559
0.11090000000000215;0.33235681304377834
0.11100000000000215;0.33143226940700565
0.11110000000000216;0.3305080382369124
0.11120000000000216;0.32958412861937086
0.11130000000000216;0.32866054967673464
0.11140000000000216;0.327737310567719
0.11150000000000217;0.3268144204872797
0.11160000000000217;0.3258918886664891
0.11170000000000217;0.3249697243724099
0.11180000000000218;0.3240479369079669
0.11190000000000218;0.32312653561181653
0.11200000000000218;0.3222055298582132
0.11210000000000218;0.32128492905687445
0.11220000000000219;0.3203647426528429
0.11230000000000219;0.31944498012634653
0.11240000000000219;0.3185256509926556
0.1125000000000022;0.31760676480193856
0.1126000000000022;0.3166883311391142
0.1127000000000022;0.3157703596237025
0.1128000000000022;0.31485285990967227
0.1129000000000022;0.31393584168528704
0.11300000000000221;0.31301931467294813
0.11310000000000221;0.31210328862903536
0.11320000000000222;0.3111877733437455
0.11330000000000222;0.3102727786409278
0.11340000000000222;0.30935831437791794
0.11350000000000222;0.30844439044536887
0.11360000000000223;0.307531016767079
0.11370000000000223;0.30661820329981876
0.11380000000000223;0.30570596003315387
0.11390000000000224;0.30479429698926674
0.11400000000000224;0.3038832242227749
0.11410000000000224;0.30297275182054706
0.11420000000000224;0.3020628899015173
0.11430000000000225;0.30115364861649574
0.11440000000000225;0.30024503814797715
0.11450000000000225;0.2993370687099476
0.11460000000000226;0.29842975054768756
0.11470000000000226;0.2975230939375736
0.11480000000000226;0.29661710918687645
0.11490000000000226;0.29571180663355723
0.11500000000000227;0.2948071966460612
0.11510000000000227;0.2939032896231085
0.11520000000000227;0.2930000959934829
0.11530000000000228;0.2920976262158175
0.11540000000000228;0.29119589077837804
0.11550000000000228;0.2902949001988441
0.11560000000000228;0.28939466502408695
0.11570000000000229;0.28849519582994576
0.11580000000000229;0.2875965032210003
0.11590000000000229;0.28669859783034185
0.1160000000000023;0.2858014903193411
0.1161000000000023;0.28490519137741394
0.1162000000000023;0.28400971172178396
0.1163000000000023;0.2831150620972432
0.11640000000000231;0.28222125327590974
0.11650000000000231;0.2813282960569832
0.11660000000000231;0.2804362012664968
0.11670000000000232;0.27954497975706843
0.11680000000000232;0.2786546424076474
0.11690000000000232;0.2777652001232597
0.11700000000000232;0.2768766638347506
0.11710000000000233;0.27598904449852407
0.11720000000000233;0.2751023530962805
0.11730000000000233;0.2742166006347511
0.11740000000000234;0.2733317981454304
0.11750000000000234;0.27244795668430544
0.11760000000000234;0.27156508733158335
0.11770000000000234;0.2706832011914152
0.11780000000000235;0.2698023093916183
0.11790000000000235;0.2689224230833959
0.11800000000000235;0.2680435534410533
0.11810000000000236;0.26716571166171277
0.11820000000000236;0.266288908965025
0.11830000000000236;0.26541315659287834
0.11840000000000236;0.2645384658091056
0.11850000000000237;0.26366484789918815
0.11860000000000237;0.26279231416995735
0.11870000000000237;0.26192087594929414
0.11880000000000238;0.2610505445858251
0.11890000000000238;0.2601813314486169
0.11900000000000238;0.2593132479268675
0.11910000000000238;0.25844630542959574
0.11920000000000239;0.25758051538532756
0.11930000000000239;0.25671588924178
0.1194000000000024;0.25585243846554323
0.1195000000000024;0.2549901745417593
0.1196000000000024;0.254129108973799
0.1197000000000024;0.2532692532829359
0.1198000000000024;0.2524106190080184
0.11990000000000241;0.2515532177051387
0.12000000000000241;0.2506970609473
0.12010000000000241;0.24984216032408044
0.12020000000000242;0.24898852744129582
0.12030000000000242;0.24813617392065862
0.12040000000000242;0.24728511139943543
0.12050000000000242;0.2464353515301018
0.12060000000000243;0.24558690597999452
0.12070000000000243;0.24473978643096178
0.12080000000000243;0.2438940045790109
0.12090000000000244;0.24304957213395345
0.12100000000000244;0.24220650081904846
0.12110000000000244;0.2413648023706429
0.12120000000000244;0.24052448853781017
0.12130000000000245;0.23968557108198585
0.12140000000000245;0.23884806177660184
0.12150000000000245;0.23801197240671726
0.12160000000000246;0.23717731476864823
0.12170000000000246;0.23634410066959394
0.12180000000000246;0.23551234192726217
0.12190000000000246;0.23468205036949108
0.12200000000000247;0.2338532378338696
0.12210000000000247;0.23302591616735546
0.12220000000000247;0.2322000972258907
0.12230000000000248;0.23137579287401555
0.12240000000000248;0.23055301498447972
0.12250000000000248;0.22973177543785156
0.12260000000000248;0.22891208612212532
0.12270000000000249;0.22809395893232615
0.12280000000000249;0.22727740577011285
0.1229000000000025;0.22646243854337872
0.1230000000000025;0.22564906916585029
0.1231000000000025;0.22483730955668393
0.1232000000000025;0.22402717164006045
0.1233000000000025;0.22321866734477774
0.12340000000000251;0.2224118086038412
0.12350000000000251;0.22160660735405238
0.12360000000000251;0.22080307553559547
0.12370000000000252;0.22000122509162215
0.12380000000000252;0.21920106796783384
0.12390000000000252;0.21840261611206283
0.12400000000000252;0.21760588147385096
0.12410000000000253;0.21681087600402651
0.12420000000000253;0.2160176116542795
0.12430000000000253;0.21522610037673442
0.12440000000000254;0.21443635412352238
0.12450000000000254;0.21364838484634996
0.12460000000000254;0.21286220449606738
0.12470000000000254;0.21207782502223446
0.12480000000000255;0.2112952583726847
0.12490000000000255;0.2105145164930881
0.12500000000000255;0.20973561132651175
0.12510000000000254;0.20895855481297904
0.12520000000000253;0.208183358889027
0.12530000000000252;0.2074100354872622
0.1254000000000025;0.2066385965359149
0.1255000000000025;0.20586905395839167
0.1256000000000025;0.20510141967282625
0.12570000000000248;0.2043357055916292
0.12580000000000247;0.20357192362103546
0.12590000000000245;0.20281008566065092
0.12600000000000244;0.20205020360299744
0.12610000000000243;0.20129228933305585
0.12620000000000242;0.20053635472780834
0.1263000000000024;0.19978241165577865
0.1264000000000024;0.19903047197657148
0.1265000000000024;0.1982805475404101
0.12660000000000238;0.1975326501876728
0.12670000000000237;0.19678679174842803
0.12680000000000236;0.19604298404196804
0.12690000000000234;0.19530123887634154
0.12700000000000233;0.194561568047885
0.12710000000000232;0.19382398334075251
0.1272000000000023;0.19308849652644472
0.1273000000000023;0.19235511936333646
0.1274000000000023;0.19162386359620337
0.12750000000000228;0.19089474095574702
0.12760000000000227;0.19016776315811956
0.12770000000000226;0.18944294190444674
0.12780000000000225;0.18872028888034997
0.12790000000000223;0.1879998157554678
0.12800000000000222;0.18728153418297577
0.1281000000000022;0.18656545579910594
0.1282000000000022;0.1858515922226649
0.1283000000000022;0.18513995505455128
0.12840000000000218;0.18443055587727225
0.12850000000000217;0.18372340625445915
0.12860000000000216;0.1830185177303822
0.12870000000000215;0.18231590182946475
0.12880000000000214;0.18161557005579637
0.12890000000000212;0.18091753389264548
0.1290000000000021;0.180221804801971
0.1291000000000021;0.1795283942239338
0.1292000000000021;0.1788373135764068
0.12930000000000208;0.17814857425448516
0.12940000000000207;0.17746218762999547
0.12950000000000206;0.1767781650510043
0.12960000000000205;0.1760965178413268
0.12970000000000204;0.17541725730003366
0.12980000000000202;0.17474039470095928
0.129900000000002;0.17406594129220762
0.130000000000002;0.17339390829565926
0.130100000000002;0.17272430690647703
0.13020000000000198;0.1720571482926116
0.13030000000000197;0.17139244359430708
0.13040000000000196;0.17073020392360574
0.13050000000000195;0.17007044036385305
0.13060000000000194;0.1694131639692019
0.13070000000000193;0.16875838576411728
0.13080000000000191;0.16810611674288037
0.1309000000000019;0.16745636786909238
0.1310000000000019;0.16680915007517882
0.13110000000000188;0.1661644742618932
0.13120000000000187;0.16552235129782084
0.13130000000000186;0.16488279201888298
0.13140000000000185;0.16424580722784038
0.13150000000000184;0.1636114076937973
0.13160000000000183;0.1629796041517057
0.13170000000000182;0.16235040730186923
0.1318000000000018;0.1617238278094476
0.1319000000000018;0.16109987630396116
0.13200000000000178;0.1604785633787953
0.13210000000000177;0.15985989959070596
0.13220000000000176;0.15924389545932444
0.13230000000000175;0.15863056146666327
0.13240000000000174;0.15801990805662186
0.13250000000000173;0.15741194563449323
0.13260000000000172;0.15680668456647034
0.1327000000000017;0.15620413517915382
0.1328000000000017;0.15560430775905898
0.13290000000000168;0.15500721255212463
0.13300000000000167;0.15441285976322144
0.13310000000000166;0.15382125955566173
0.13320000000000165;0.15323242205070875
0.13330000000000164;0.15264635732708814
0.13340000000000163;0.15206307542049852
0.13350000000000162;0.1514825863231241
0.1336000000000016;0.15090489998314705
0.1337000000000016;0.15033002630426118
0.13380000000000158;0.14975797514518657
0.13390000000000157;0.1491887563191845
0.13400000000000156;0.14862237959357394
0.13410000000000155;0.14805885468924818
0.13420000000000154;0.14749819128019315
0.13430000000000153;0.1469403989930067
0.13440000000000152;0.14638548740641805
0.1345000000000015;0.14583346605080916
0.1346000000000015;0.14528434440773708
0.13470000000000149;0.1447381319094571
0.13480000000000147;0.14419483793844728
0.13490000000000146;0.14365447182693397
0.13500000000000145;0.14311704285641913
0.13510000000000144;0.1425825602572079
0.13520000000000143;0.1420510332079386
0.13530000000000142;0.14152247083511332
0.1354000000000014;0.14099688221262996
0.1355000000000014;0.14047427636131582
0.13560000000000139;0.13995466224846287
0.13570000000000138;0.1394380487873636
0.13580000000000136;0.1389244448368498
0.13590000000000135;0.1384138592008312
0.13600000000000134;0.1379063006278371
0.13610000000000133;0.13740177781055857
0.13620000000000132;0.13690029938539328
0.1363000000000013;0.13640187393199077
0.1364000000000013;0.13590650997280063
0.1365000000000013;0.13541421597262177
0.13660000000000128;0.1349250003381533
0.13670000000000126;0.13443887141754757
0.13680000000000125;0.1339558374999653
0.13690000000000124;0.13347590681513172
0.13700000000000123;0.13299908753289535
0.13710000000000122;0.13252538776278855
0.1372000000000012;0.13205481555358978
0.1373000000000012;0.13158737889288802
0.1374000000000012;0.1311230857066495
0.13750000000000118;0.13066194385878593
0.13760000000000117;0.1302039611507253
0.13770000000000115;0.12974914532098464
0.13780000000000114;0.12929750404474472
0.13790000000000113;0.12884904493342736
0.13800000000000112;0.1284037755342748
0.1381000000000011;0.12796170332993112
0.1382000000000011;0.1275228357380263
0.1383000000000011;0.12708718011076225
0.13840000000000108;0.12665474373450136
0.13850000000000107;0.12622553382935775
0.13860000000000106;0.12579955754879008
0.13870000000000104;0.12537682197919797
0.13880000000000103;0.12495733413951987
0.13890000000000102;0.12454110098083393
0.139000000000001;0.1241281293859613
0.139100000000001;0.1237184261690723
0.139200000000001;0.12331199807529458
0.13930000000000098;0.12290885178032451
0.13940000000000097;0.12250899389004077
0.13950000000000096;0.12211243094012103
0.13960000000000095;0.12171916939566124
0.13970000000000093;0.12132921565079724
0.13980000000000092;0.12094257602833008
0.1399000000000009;0.12055925677935286
0.1400000000000009;0.12017926408288204
0.1401000000000009;0.11980260404548998
0.14020000000000088;0.11942928270094155
0.14030000000000087;0.11905930600983289
0.14040000000000086;0.11869267985923415
0.14050000000000085;0.11832941006233383
0.14060000000000084;0.11796950235808729
0.14070000000000082;0.11761296241086783
0.1408000000000008;0.11725979581012075
0.1409000000000008;0.11691000807002094
0.1410000000000008;0.11656360462913296
0.14110000000000078;0.11622059085007497
0.14120000000000077;0.11588097201918535
0.14130000000000076;0.11554475334619274
0.14140000000000075;0.11521193996388912
0.14150000000000074;0.11488253692780642
0.14160000000000073;0.11455654921589659
0.14170000000000071;0.11423398172821408
0.1418000000000007;0.1139148392866029
0.1419000000000007;0.11359912663438598
0.14200000000000068;0.11328684843605863
0.14210000000000067;0.11297800927698526
0.14220000000000066;0.11267261366309911
0.14230000000000065;0.11237066602060614
0.14240000000000064;0.11207217069569192
0.14250000000000063;0.11177713195423211
0.14260000000000062;0.11148555398150695
0.1427000000000006;0.11119744088191824
0.1428000000000006;0.11091279667871146
0.14290000000000058;0.11063162531370002
0.14300000000000057;0.11035393064699395
0.14310000000000056;0.11007971645673237
0.14320000000000055;0.10980898643881892
0.14330000000000054;0.10954174420666168
0.14340000000000053;0.10927799329091625
0.14350000000000052;0.10901773713923302
0.1436000000000005;0.10876097911600796
0.1437000000000005;0.10850772250213703
0.14380000000000048;0.10825797049477487
0.14390000000000047;0.10801172620709726
0.14400000000000046;0.10776899266806667
0.14410000000000045;0.10752977282220294
0.14420000000000044;0.10729406952935672
0.14430000000000043;0.1070618855644877
0.14440000000000042;0.10683322361744618
0.1445000000000004;0.1066080862927587
0.1446000000000004;0.10638647610941804
0.14470000000000038;0.10616839550067686
0.14480000000000037;0.10595384681384529
0.14490000000000036;0.1057428323100929
0.14500000000000035;0.10553535416425419
0.14510000000000034;0.105331414464639
0.14520000000000033;0.1051310152128459
0.14530000000000032;0.10493415832358094
0.1454000000000003;0.10474084562447905
0.1455000000000003;0.10455107885593101
0.14560000000000028;0.10436485967091375
0.14570000000000027;0.10418218963482495
0.14580000000000026;0.10400307022532185
0.14590000000000025;0.10382750283216452
0.14600000000000024;0.10365548875706271
0.14610000000000023;0.10348702921352793
0.14620000000000022;0.10332212532672846
0.1463000000000002;0.10316077813335017
0.1464000000000002;0.10300298858146006
0.14650000000000019;0.1028487575303752
0.14660000000000017;0.1026980857505354
0.14670000000000016;0.10255097392338053
0.14680000000000015;0.10240742264123193
0.14690000000000014;0.10226743240717823
0.14700000000000013;0.10213100363496552
0.14710000000000012;0.10199813664889201
0.1472000000000001;0.10186883168370647
0.1473000000000001;0.10174308888451244
0.1474000000000001;0.10162090830667475
0.14750000000000008;0.10150228991573257
0.14760000000000006;0.10138723358731538
0.14770000000000005;0.10127573910706417
0.14780000000000004;0.10116780617055643
0.14790000000000003;0.1010634343832364
0.14800000000000002;0.10096262326034888
0.1481;0.10086537222687841
0.1482;0.10077168061749198
0.1483;0.1006815476764869
0.14839999999999998;0.10059497255774291
0.14849999999999997;0.10051195432467885
0.14859999999999995;0.10043249195021348
0.14869999999999994;0.10035658431673156
0.14879999999999993;0.10028423021605354
0.14889999999999992;0.10021542834941044
0.1489999999999999;0.10015017732742287
0.1490999999999999;0.10008847567008478
0.1491999999999999;0.1000303218067517
0.14929999999999988;0.09997571407613315
0.14939999999999987;0.09992465072629059
0.14949999999999986;0.09987712991463837
0.14959999999999984;0.09983314970795087
0.14969999999999983;0.09979270808237284
0.14979999999999982;0.09975580292343511
0.1498999999999998;0.0997224320260745
0.1499999999999998;0.0996925930946585
0.1500999999999998;0.09966628374301423
0.15019999999999978;0.0996435014944621
0.15029999999999977;0.09962424378185436
0.15039999999999976;0.09960850794761711
0.15049999999999975;0.0995962912437986
0.15059999999999973;0.09958759083212043
0.15069999999999972;0.09958240378403421
0.1507999999999997;0.0995807270807827
0.1508999999999997;0.09958255761346518
0.1509999999999997;0.0995878921831076
0.15109999999999968;0.09959672750073734
0.15119999999999967;0.09960906018746235
0.15129999999999966;0.09962488677455483
0.15139999999999965;0.09964420370353988
0.15149999999999963;0.09966700732628775
0.15159999999999962;0.099693293905112
0.1516999999999996;0.09972305961287059
0.1517999999999996;0.099756300533073
0.1518999999999996;0.0997930126599908
0.15199999999999958;0.09983319189877332
0.15209999999999957;0.09987683406556769
0.15219999999999956;0.09992393488764306
0.15229999999999955;0.09997449000352016
0.15239999999999954;0.10002849496310423
0.15249999999999952;0.10008594522782333
0.1525999999999995;0.10014683617077086
0.1526999999999995;0.10021116307685246
0.1527999999999995;0.10027892114293735
0.15289999999999948;0.10035010547801426
0.15299999999999947;0.100424711103352
0.15309999999999946;0.10050273295266388
0.15319999999999945;0.10058416587227725
0.15329999999999944;0.1006690046213069
0.15339999999999943;0.10075724387183332
0.15349999999999941;0.100848878209085
0.1535999999999994;0.10094390213162535
0.1536999999999994;0.10104231005154413
0.15379999999999938;0.10114409629465276
0.15389999999999937;0.10124925510068444
0.15399999999999936;0.1013577806234986
0.15409999999999935;0.10146966693128934
0.15419999999999934;0.10158490800679859
0.15429999999999933;0.1017034977475334
0.15439999999999932;0.10182542996598765
0.1544999999999993;0.10195069838986748
0.1545999999999993;0.10207929666232224
0.15469999999999928;0.10221121834217817
0.15479999999999927;0.10234645690417754
0.15489999999999926;0.10248500573922154
0.15499999999999925;0.10262685815461703
0.15509999999999924;0.10277200737432846
0.15519999999999923;0.10292044653923277
0.15529999999999922;0.10307216870737945
0.1553999999999992;0.10322716685425454
0.1554999999999992;0.103385433873048
0.15559999999999918;0.10354696257492652
0.15569999999999917;0.10371174568930902
0.15579999999999916;0.10387977586414776
0.15589999999999915;0.10405104566621187
0.15599999999999914;0.1042255475813762
0.15609999999999913;0.10440327401491395
0.15619999999999912;0.10458421729179257
0.1562999999999991;0.10476836965697478
0.1563999999999991;0.10495572327572267
0.15649999999999908;0.1051462702339061
0.15659999999999907;0.10534000253831527
0.15669999999999906;0.10553691211697669
0.15679999999999905;0.10573699081947352
0.15689999999999904;0.10594023041726952
0.15699999999999903;0.10614662260403684
0.15709999999999902;0.10635615899598794
0.157199999999999;0.10656883113221094
0.157299999999999;0.10678463047500913
0.15739999999999899;0.10700354841024373
0.15749999999999897;0.10722557624768125
0.15759999999999896;0.10745070522134348
0.15769999999999895;0.10767892648986221
0.15779999999999894;0.10791023113683701
0.15789999999999893;0.10814461017119675
0.15799999999999892;0.10838205452756494
0.1580999999999989;0.10862255506662888
0.1581999999999989;0.10886610257551138
0.15829999999999889;0.10911268776814748
0.15839999999999888;0.1093623012856636
0.15849999999999886;0.10961493369676079
0.15859999999999885;0.10987057549810103
0.15869999999999884;0.11012921711469753
0.15879999999999883;0.11039084890030787
0.15889999999999882;0.11065546113783103
0.1589999999999988;0.11092304403970787
0.1590999999999988;0.11119358774832394
0.1591999999999988;0.11146708233641733
0.15929999999999878;0.11174351780748842
0.15939999999999876;0.1120228840962133
0.15949999999999875;0.11230517106886079
0.15959999999999874;0.1125903685237124
0.15969999999999873;0.11287846619148534
0.15979999999999872;0.11316945373575904
0.1598999999999987;0.1134633207534046
0.1599999999999987;0.11376005677501733
0.1600999999999987;0.1140596512653525
0.16019999999999868;0.11436209362376415
0.16029999999999867;0.11466737318464665
0.16039999999999865;0.11497547921787982
0.16049999999999864;0.11528640092927628
0.16059999999999863;0.11560012746103243
0.16069999999999862;0.11591664789218198
0.1607999999999986;0.11623595123905212
0.1608999999999986;0.11655802645572333
0.1609999999999986;0.11688286243449109
0.16109999999999858;0.11721044800633112
0.16119999999999857;0.1175407719413668
0.16129999999999856;0.1178738229493399
0.16139999999999854;0.11820958968008333
0.16149999999999853;0.11854806072399698
0.16159999999999852;0.11888922461252649
0.1616999999999985;0.1192330698186439
0.1617999999999985;0.1195795847573311
0.1618999999999985;0.11992875778606654
0.16199999999999848;0.12028057720531332
0.16209999999999847;0.12063503125901032
0.16219999999999846;0.12099210813506617
0.16229999999999845;0.12135179596585466
0.16239999999999843;0.1217140828287136
0.16249999999999842;0.12207895674644503
0.1625999999999984;0.1224464056878185
0.1626999999999984;0.12281641756807632
0.1627999999999984;0.12318898024944086
0.16289999999999838;0.12356408154162463
0.16299999999999837;0.12394170920234193
0.16309999999999836;0.12432185093782294
0.16319999999999835;0.12470449440332987
0.16329999999999834;0.1250896272036755
0.16339999999999832;0.12547723689374302
0.1634999999999983;0.12586731097900855
0.1635999999999983;0.12625983691606557
0.1636999999999983;0.12665480211315094
0.16379999999999828;0.12705219393067307
0.16389999999999827;0.12745199968174187
0.16399999999999826;0.12785420663270086
0.16409999999999825;0.12825880200366052
0.16419999999999824;0.1286657729690338
0.16429999999999823;0.12907510665807337
0.16439999999999821;0.12948679015541031
0.1644999999999982;0.1299008105015949
0.1645999999999982;0.13031715469363847
0.16469999999999818;0.1307358096855573
0.16479999999999817;0.13115676238891794
0.16489999999999816;0.13157999967338402
0.16499999999999815;0.1320055083672646
0.16509999999999814;0.1324332752580637
0.16519999999999813;0.13286328709303213
0.16529999999999812;0.13329553057971927
0.1653999999999981;0.13372999238652755
0.1654999999999981;0.13416665914326753
0.16559999999999808;0.13460551744171428
0.16569999999999807;0.13504655383616548
0.16579999999999806;0.135489754844
0.16589999999999805;0.13593510694623823
0.16599999999999804;0.1363825965881032
0.16609999999999803;0.1368322101795833
0.16619999999999802;0.13728393409599526
0.166299999999998;0.13773775467854887
0.166399999999998;0.13819365823491225
0.16649999999999798;0.13865163103977834
0.16659999999999797;0.13911165933543235
0.16669999999999796;0.13957372933231954
0.16679999999999795;0.14003782720961477
0.16689999999999794;0.1405039391157918
0.16699999999999793;0.14097205116919437
0.16709999999999792;0.14144214945860734
0.1671999999999979;0.1419142200438288
0.1672999999999979;0.1423882489562427
0.16739999999999788;0.1428642221993922
0.16749999999999787;0.1433421257495538
0.16759999999999786;0.14382194555631173
0.16769999999999785;0.14430366754313279
0.16779999999999784;0.1447872776079422
0.16789999999999783;0.14527276162369912
0.16799999999999782;0.14576010543897355
0.1680999999999978;0.14624929487852267
0.1681999999999978;0.14674031574386798
0.16829999999999778;0.14723315381387264
0.16839999999999777;0.14772779484531956
0.16849999999999776;0.1482242245734886
0.16859999999999775;0.14872242871273533
0.16869999999999774;0.14922239295706874
0.16879999999999773;0.14972410298072986
0.16889999999999772;0.15022754443877034
0.1689999999999977;0.15073270296763075
0.1690999999999977;0.15123956418571927
0.16919999999999769;0.15174811369399
0.16929999999999767;0.15225833707652175
0.16939999999999766;0.15277021990109618
0.16949999999999765;0.15328374771977626
0.16959999999999764;0.153798906069484
0.16969999999999763;0.15431568047257888
0.16979999999999762;0.1548340564374352
0.1698999999999976;0.1553540194590195
0.1699999999999976;0.15587555501946804
0.1700999999999976;0.15639864858866293
0.17019999999999758;0.15692328562480912
0.17029999999999756;0.15744945157501045
0.17039999999999755;0.15797713187584467
0.17049999999999754;0.15850631195393944
0.17059999999999753;0.1590369772265458
0.17069999999999752;0.15956911310211344
0.1707999999999975;0.16010270498086326
0.1708999999999975;0.16063773825536093
0.1709999999999975;0.16117419831108865
0.17109999999999748;0.16171207052701703
0.17119999999999747;0.16225134027617577
0.17129999999999745;0.162791992926224
0.17139999999999744;0.16333401384001936
0.17149999999999743;0.16387738837618682
0.17159999999999742;0.16442210188968612
0.1716999999999974;0.16496813973237878
0.1717999999999974;0.16551548725359386
0.1718999999999974;0.16606412980069313
0.17199999999999738;0.1666140527196348
0.17209999999999737;0.16716524135553681
0.17219999999999736;0.16771768105323845
0.17229999999999734;0.16827135715786157
0.17239999999999733;0.16882625501537007
0.17249999999999732;0.1693823599731287
0.1725999999999973;0.16993965738046057
0.1726999999999973;0.17049813258920318
0.1727999999999973;0.17105777095426372
0.17289999999999728;0.1716185578341728
0.17299999999999727;0.1721804785916367
0.17309999999999726;0.17274351859408896
0.17319999999999725;0.17330766321423963
0.17329999999999723;0.17387289783062423
0.17339999999999722;0.1744392078281504
0.1734999999999972;0.17500657859864355
0.1735999999999972;0.17557499554139094
0.1736999999999972;0.17614444406368426
0.17379999999999718;0.1767149095813606
0.17389999999999717;0.17728637751934204
0.17399999999999716;0.17785883331217325
0.17409999999999715;0.1784322624045581
0.17419999999999713;0.17900665025189383
0.17429999999999712;0.1795819823208043
0.1743999999999971;0.18015824408967096
0.1744999999999971;0.18073542104916235
0.1745999999999971;0.18131349870276173
0.17469999999999708;0.18189246256729308
0.17479999999999707;0.18247229817344496
0.17489999999999706;0.1830529910662928
0.17499999999999705;0.18363452680581924
0.17509999999999704;0.1842168909674324
0.17519999999999702;0.18480006914248248
0.175299999999997;0.18538404693877608
0.175399999999997;0.18596880998108895
0.175499999999997;0.1865543439116762
0.17559999999999698;0.18714063439078094
0.17569999999999697;0.1877276670971405
0.17579999999999696;0.18831542772849086
0.17589999999999695;0.18890390200206872
0.17599999999999694;0.18949307565511134
0.17609999999999693;0.19008293444535482
0.17619999999999691;0.19067346415152914
0.1762999999999969;0.191264650573852
0.1763999999999969;0.1918564795345199
0.17649999999999688;0.1924489368781968
0.17659999999999687;0.19304200847250105
0.17669999999999686;0.19363568020848937
0.17679999999999685;0.1942299380011389
0.17689999999999684;0.19482476778982682
0.17699999999999683;0.19542015553880743
0.17709999999999682;0.1960160872376867
0.1771999999999968;0.19661254890189506
0.1772999999999968;0.19720952657315685
0.17739999999999678;0.19780700631995776
0.17749999999999677;0.19840497423800993
0.17759999999999676;0.19900341645071384
0.17769999999999675;0.19960231910961856
0.17779999999999674;0.20020166839487882
0.17789999999999673;0.20080145051570933
0.17799999999999672;0.20140165171083732
0.1780999999999967;0.2020022582489515
0.1781999999999967;0.20260325642914895
0.17829999999999668;0.20320463258137922
0.17839999999999667;0.2038063730668856
0.17849999999999666;0.20440846427864381
0.17859999999999665;0.205010892641798
0.17869999999999664;0.20561364461409365
0.17879999999999663;0.20621670668630826
0.17889999999999662;0.20682006538267886
0.1789999999999966;0.2074237072613266
0.1790999999999966;0.20802761891467905
0.17919999999999658;0.20863178696988913
0.17929999999999657;0.20923619808925134
0.17939999999999656;0.20984083897061526
0.17949999999999655;0.210445696347796
0.17959999999999654;0.21105075699098164
0.17969999999999653;0.2116560077071381
0.17979999999999652;0.21226143534041061
0.1798999999999965;0.21286702677252262
0.1799999999999965;0.21347276892317138
0.18009999999999649;0.21407864875042085
0.18019999999999647;0.21468465325109137
0.18029999999999646;0.21529076946114628
0.18039999999999645;0.21589698445607594
0.18049999999999644;0.21650328535127783
0.18059999999999643;0.21710965930243456
0.18069999999999642;0.2177160935058882
0.1807999999999964;0.21832257519901152
0.1808999999999964;0.21892909166057645
0.18099999999999639;0.21953563021111905
0.18109999999999637;0.22014217821330165
0.18119999999999636;0.22074872307227164
0.18129999999999635;0.22135525223601715
0.18139999999999634;0.22196175319571956
0.18149999999999633;0.22256821348610284
0.18159999999999632;0.22317462068577973
0.1816999999999963;0.22378096241759465
0.1817999999999963;0.22438722634896321
0.1818999999999963;0.22499340019220895
0.18199999999999628;0.22559947170489647
0.18209999999999626;0.22620542869016133
0.18219999999999625;0.2268112589970367
0.18229999999999624;0.2274169505207771
0.18239999999999623;0.22802249120317813
0.18249999999999622;0.2286278690328938
0.1825999999999962;0.22923307204574958
0.1826999999999962;0.2298380883250531
0.1827999999999962;0.23044290600190084
0.18289999999999618;0.2310475132554816
0.18299999999999617;0.23165189831337732
0.18309999999999615;0.23225604945185926
0.18319999999999614;0.2328599549961822
0.18329999999999613;0.23346360332087432
0.18339999999999612;0.23406698285002414
0.1834999999999961;0.23467008205756404
0.1835999999999961;0.23527288946755037
0.1836999999999961;0.23587539365444007
0.18379999999999608;0.23647758324336418
0.18389999999999607;0.23707944691039756
0.18399999999999606;0.2376809733828257
0.18409999999999604;0.23828215143940765
0.18419999999999603;0.23888296991063562
0.18429999999999602;0.2394834176789918
0.184399999999996;0.2400834836792007
0.184499999999996;0.24068315689847883
0.184599999999996;0.2412824263767809
0.18469999999999598;0.2418812812070422
0.18479999999999597;0.2424797105354177
0.18489999999999596;0.24307770356151823
0.18499999999999595;0.24367524953864228
0.18509999999999593;0.24427233777400517
0.18519999999999592;0.24486895762896435
0.1852999999999959;0.24546509851924125
0.1853999999999959;0.24606074991514015
0.1854999999999959;0.24665590134176282
0.18559999999999588;0.24725054237922053
0.18569999999999587;0.24784466266284183
0.18579999999999586;0.24843825188337756
0.18589999999999585;0.24903129978720198
0.18599999999999584;0.24962379617651062
0.18609999999999582;0.25021573090951466
0.1861999999999958;0.2508070939006316
0.1862999999999958;0.2513978751206731
0.1863999999999958;0.25198806459702855
0.18649999999999578;0.252577652413846
0.18659999999999577;0.2531666287122091
0.18669999999999576;0.25375498369031035
0.18679999999999575;0.25434270760362215
0.18689999999999574;0.2549297907650627
0.18699999999999573;0.2555162235451599
0.18709999999999571;0.2561019963722108
0.1871999999999957;0.2566870997324384
0.1872999999999957;0.2572715241701443
0.18739999999999568;0.25785526028785855
0.18749999999999567;0.2584382987464856
0.18759999999999566;0.2590206302654471
0.18769999999999565;0.25960224562282114
0.18779999999999564;0.26018313565547835
0.18789999999999563;0.2607632912592138
0.18799999999999562;0.2613427033888768
0.1880999999999956;0.2619213630584958
0.1881999999999956;0.26249926134140134
0.18829999999999558;0.2630763893703445
0.18839999999999557;0.26365273833761227
0.18849999999999556;0.26422829949514004
0.18859999999999555;0.26480306415462007
0.18869999999999554;0.2653770236876067
0.18879999999999553;0.26595016952561856
0.18889999999999552;0.26652249316023735
0.1889999999999955;0.2670939861432025
0.1890999999999955;0.2676646400865038
0.18919999999999548;0.26823444666246943
0.18929999999999547;0.2688033976038517
0.18939999999999546;0.2693714847039086
0.18949999999999545;0.26993869981648255
0.18959999999999544;0.2705050348560759
0.18969999999999543;0.2710704817979228
0.18979999999999542;0.2716350326780577
0.1898999999999954;0.2721986795933814
0.1899999999999954;0.27276141470172266
0.19009999999999538;0.2733232302218973
0.19019999999999537;0.27388411843376403
0.19029999999999536;0.2744440716782768
0.19039999999999535;0.2750030823575338
0.19049999999999534;0.2755611429348235
0.19059999999999533;0.27611824593466755
0.19069999999999532;0.27667438394286026
0.1907999999999953;0.2772295496065049
0.1908999999999953;0.2777837356340468
0.19099999999999528;0.27833693479530347
0.19109999999999527;0.2788891399214913
0.19119999999999526;0.2794403439052494
0.19129999999999525;0.27999053970065996
0.19139999999999524;0.2805397203232659
0.19149999999999523;0.2810878788500848
0.19159999999999522;0.2816350084196204
0.1916999999999952;0.28218110223187065
0.1917999999999952;0.2827261535483325
0.19189999999999519;0.2832701556920042
0.19199999999999517;0.28381310204738386
0.19209999999999516;0.28435498606046533
0.19219999999999515;0.28489580123873137
0.19229999999999514;0.28543554115114295
0.19239999999999513;0.2859741994281264
0.19249999999999512;0.286511769761557
0.1925999999999951;0.28704824590474
0.1926999999999951;0.28758362167238816
0.1927999999999951;0.28811789094059703
0.19289999999999508;0.2886510476468168
0.19299999999999506;0.28918308578982105
0.19309999999999505;0.28971399942967324
0.19319999999999504;0.29024378268768997
0.19329999999999503;0.2907724297464011
0.19339999999999502;0.29129993484950734
0.193499999999995;0.291826292301835
0.193599999999995;0.2923514964692876
0.193699999999995;0.29287554177879527
0.19379999999999498;0.29339842271826033
0.19389999999999497;0.29392013383650123
0.19399999999999495;0.29444066974319294
0.19409999999999494;0.2949600251088048
0.19419999999999493;0.29547819466453573
0.19429999999999492;0.2959951732022465
0.1943999999999949;0.2965109555743896
0.1944999999999949;0.29702553669393605
0.1945999999999949;0.29753891153429984
0.19469999999999488;0.29805107512925955
0.19479999999999487;0.29856202257287723
0.19489999999999486;0.29907174901941497
0.19499999999999484;0.2995802496832485
0.19509999999999483;0.30008751983877846
0.19519999999999482;0.30059355482033895
0.1952999999999948;0.3010983500221035
0.1953999999999948;0.30160190089798866
0.1954999999999948;0.30210420296155477
0.19559999999999478;0.3026052517859047
0.19569999999999477;0.30310504300357943
0.19579999999999476;0.30360357230645185
0.19589999999999475;0.3041008354456175
0.19599999999999473;0.3045968282312834
0.19609999999999472;0.305091546532654
0.1961999999999947;0.3055849862778151
0.1962999999999947;0.3060771434536149
0.1963999999999947;0.30656801410554346
0.19649999999999468;0.3070575943376089
0.19659999999999467;0.30754588031221197
0.19669999999999466;0.308032868250018
0.19679999999999465;0.3085185544298266
0.19689999999999463;0.3090029351884389
0.19699999999999462;0.3094860069205231
0.1970999999999946;0.3099677660784769
0.1971999999999946;0.3104482091722888
0.1972999999999946;0.3109273327693961
0.19739999999999458;0.31140513349454146
0.19749999999999457;0.31188160802962683
0.19759999999999456;0.3123567531135659
0.19769999999999455;0.31283056554213357
0.19779999999999454;0.31330304216781385
0.19789999999999452;0.3137741798996457
0.1979999999999945;0.3142439757030663
0.1980999999999945;0.314712426599753
0.1981999999999945;0.3151795296674628
0.19829999999999448;0.31564528203986963
0.19839999999999447;0.3161096809064
0.19849999999999446;0.3165727235120668
0.19859999999999445;0.3170344071573005
0.19869999999999444;0.31749472919777927
0.19879999999999443;0.31795368704425636
0.19889999999999441;0.31841127816238624
0.1989999999999944;0.3188675000725484
0.1990999999999944;0.3193223503496697
0.19919999999999438;0.31977582662304466
0.19929999999999437;0.3202279265761537
0.19939999999999436;0.32067864794647993
0.19949999999999435;0.3211279885253246
0.19959999999999434;0.32157594615761936
0.19969999999999433;0.32202251874173843
0.19979999999999432;0.32246770422930804
0.1998999999999943;0.3229115006250144
0.1999999999999943;0.32335390598641023
0.20009999999999428;0.3237949184237192
0.20019999999999427;0.32423453609963937
0.20029999999999426;0.32467275722914424
0.20039999999999425;0.3251095800792828
0.20049999999999424;0.32554500296897776
0.20059999999999423;0.32597902426882236
0.20069999999999422;0.3264116424008754
0.2007999999999942;0.32684285583845496
0.2008999999999942;0.32727266310593073
0.20099999999999418;0.3277010627785144
0.20109999999999417;0.3281280534820492
0.20119999999999416;0.3285536338927976
0.20129999999999415;0.32897780273722765
0.20139999999999414;0.32940055879179797
0.20149999999999413;0.3298219008827415
0.20159999999999412;0.33024182788584777
0.2016999999999941;0.3306603387262437
0.2017999999999941;0.3310774323781733
0.20189999999999408;0.3314931078647759
0.20199999999999407;0.3319073642578636
0.20209999999999406;0.3323202006776965
0.20219999999999405;0.33273161629275777
0.20229999999999404;0.3331416103195265
0.20239999999999403;0.3335501820222504
0.20249999999999402;0.33395733071271644
0.202599999999994;0.33436305575002073
0.202699999999994;0.3347673565403374
0.20279999999999399;0.33517023253668593
0.20289999999999397;0.3355716832386978
0.20299999999999396;0.3359717081923819
0.20309999999999395;0.33637030698988885
0.20319999999999394;0.3367674792692743
0.20329999999999393;0.3371632247142613
0.20339999999999392;0.33755754305400165
0.2034999999999939;0.3379504340628361
0.2035999999999939;0.3383418975600539
0.20369999999999389;0.33873193340965113
0.20379999999999387;0.3391205415200884
0.20389999999999386;0.33950772184404715
0.20399999999999385;0.33989347437818573
0.20409999999999384;0.3402777991628943
0.20419999999999383;0.34066069628204854
0.20429999999999382;0.3410421658627633
0.2043999999999938;0.34142220807514484
0.2044999999999938;0.3418008231320425
0.2045999999999938;0.3421780112887996
0.20469999999999378;0.34255377284300365
0.20479999999999376;0.3429281081342357
0.20489999999999375;0.3433010175438192
0.20499999999999374;0.3436725014945678
0.20509999999999373;0.344042560450533
0.20519999999999372;0.3444111949167507
0.2052999999999937;0.3447784054389874
0.2053999999999937;0.3451441926034856
0.2054999999999937;0.3455085570367088
0.20559999999999368;0.34587149940508566
0.20569999999999367;0.34623302041475396
0.20579999999999365;0.34659312081130367
0.20589999999999364;0.34695180137952
0.20599999999999363;0.3473090629431249
0.20609999999999362;0.34766490636451974
0.2061999999999936;0.34801933254452594
0.2062999999999936;0.34837234242212595
0.2063999999999936;0.3487239369742037
0.20649999999999358;0.34907411721528464
0.20659999999999357;0.34942288419727524
0.20669999999999356;0.3497702390092024
0.20679999999999354;0.35011618277695206
0.20689999999999353;0.35046071666300815
0.20699999999999352;0.35080384186619035
0.2070999999999935;0.3511455596213923
0.2071999999999935;0.35148587119931946
0.2072999999999935;0.3518247779062258
0.20739999999999348;0.3521622810836518
0.20749999999999347;0.35249838210816054
0.20759999999999346;0.352833082391075
0.20769999999999345;0.3531663833782142
0.20779999999999343;0.35349828654962967
0.20789999999999342;0.3538287934193415
0.2079999999999934;0.3541579055350743
0.2080999999999934;0.3544856244779933
0.2081999999999934;0.3548119518624399
0.20829999999999338;0.35513688933566734
0.20839999999999337;0.3554604385775762
0.20849999999999336;0.35578260130045036
0.20859999999999335;0.3561033792486918
0.20869999999999334;0.3564227741985566
0.20879999999999332;0.3567407879578901
0.2088999999999933;0.35705742236586224
0.2089999999999933;0.3573726792927034
0.2090999999999933;0.35768656063943927
0.20919999999999328;0.3579990683376269
0.20929999999999327;0.3583102043490901
0.20939999999999326;0.35861997066565504
0.20949999999999325;0.3589283693088861
0.20959999999999324;0.3592354023298217
0.20969999999999323;0.35954107180871037
0.20979999999999321;0.3598453798547467
0.2098999999999932;0.36014832860580787
0.2099999999999932;0.36044992022819006
0.21009999999999318;0.36075015691634493
0.21019999999999317;0.36104904089261664
0.21029999999999316;0.361346574406979
0.21039999999999315;0.3616427597367724
0.21049999999999314;0.3619375991864419
0.21059999999999313;0.3622310950872746
0.21069999999999312;0.3625232497971377
0.2107999999999931;0.3628140657002172
0.2108999999999931;0.3631035452067563
0.21099999999999308;0.3633916907527945
0.21109999999999307;0.3636785047999067
0.21119999999999306;0.36396398983494316
0.21129999999999305;0.3642481483697693
0.21139999999999304;0.36453098294100605
0.21149999999999303;0.36481249610977073
0.21159999999999302;0.3650926904614181
0.211699999999993;0.36537156860528197
0.211799999999993;0.3656491331744172
0.21189999999999298;0.36592538682534204
0.21199999999999297;0.36620033223778103
0.21209999999999296;0.36647397211440835
0.21219999999999295;0.36674630918059176
0.21229999999999294;0.36701734618413645
0.21239999999999293;0.36728708589503034
0.21249999999999292;0.36755553110518896
0.2125999999999929;0.36782268462820156
0.2126999999999929;0.36808854929907736
0.21279999999999288;0.3683531279739922
0.21289999999999287;0.36861642353003654
0.21299999999999286;0.36887843886496285
0.21309999999999285;0.36913917689693476
0.21319999999999284;0.36939864056427585
0.21329999999999283;0.3696568328252197
0.21339999999999282;0.36991375665766024
0.2134999999999928;0.3701694150589027
0.2135999999999928;0.37042381104541544
0.21369999999999278;0.37067694765258213
0.21379999999999277;0.37092882793445486
0.21389999999999276;0.3711794549635078
0.21399999999999275;0.3714288318303913
0.21409999999999274;0.37167696164368735
0.21419999999999273;0.37192384752966484
0.21429999999999272;0.37216949263203636
0.2143999999999927;0.37241390011171516
0.2144999999999927;0.372657073146573
0.21459999999999269;0.37289901493119904
0.21469999999999267;0.37313972867665907
0.21479999999999266;0.3733792176102555
0.21489999999999265;0.37361748497528857
0.21499999999999264;0.37385453403081775
0.21509999999999263;0.3740903680514245
0.21519999999999262;0.3743249903269752
0.2152999999999926;0.3745584041623858
0.2153999999999926;0.37479061287738596
0.2154999999999926;0.37502161980628546
0.21559999999999258;0.37525142829774033
0.21569999999999256;0.37548004171452043
0.21579999999999255;0.3757074634332777
0.21589999999999254;0.37593369684431516
0.21599999999999253;0.37615874535135696
0.21609999999999252;0.3763826123713192
0.2161999999999925;0.37660530133408177
0.2162999999999925;0.37682681568226073
0.2163999999999925;0.37704715887098206
0.21649999999999248;0.3772663343676559
0.21659999999999247;0.3774843456517521
0.21669999999999245;0.37770119621457626
0.21679999999999244;0.377916889559047
0.21689999999999243;0.37813142919947423
0.21699999999999242;0.3783448186613379
0.2170999999999924;0.37855706148106816
0.2171999999999924;0.3787681612058265
0.2172999999999924;0.3789781213932875
0.21739999999999238;0.37918694561142163
0.21749999999999237;0.3793946374382793
0.21759999999999236;0.3796012004617757
0.21769999999999234;0.3798066382794766
0.21779999999999233;0.3800109544983852
0.21789999999999232;0.38021415273472986
0.2179999999999923;0.3804162366137532
0.2180999999999923;0.38061720976950164
0.2181999999999923;0.3808170758446166
0.21829999999999228;0.38101583849012616
0.21839999999999227;0.3812135013652381
0.21849999999999226;0.3814100681371338
0.21859999999999224;0.3816055424807632
0.21869999999999223;0.38179992807864105
0.21879999999999222;0.38199322862064383
0.2188999999999922;0.38218544780380787
0.2189999999999922;0.3823765893321287
0.2190999999999922;0.3825666569163613
0.21919999999999218;0.3827556542738213
0.21929999999999217;0.38294358512818755
0.21939999999999216;0.38313045320930555
0.21949999999999215;0.383316262252992
0.21959999999999213;0.38350101600084063
0.21969999999999212;0.3836847182000287
0.2197999999999921;0.383867372603125
0.2198999999999921;0.3840489829678987
0.2199999999999921;0.38422955305712964
0.22009999999999208;0.3844090866384191
0.22019999999999207;0.3845875874840025
0.22029999999999206;0.38476505937056227
0.22039999999999205;0.38494150607904276
0.22049999999999204;0.3851169313944657
0.22059999999999202;0.38529133910574687
0.220699999999992;0.3854647330055141
0.220799999999992;0.3856371168899261
0.220899999999992;0.3858084945584926
0.22099999999999198;0.3859788698138957
0.22109999999999197;0.3861482464618123
0.22119999999999196;0.3863166283107373
0.22129999999999195;0.3864840191718087
0.22139999999999194;0.386650422858633
0.22149999999999193;0.3868158431871125
0.22159999999999191;0.3869802839752732
0.2216999999999919;0.3871437490430941
0.2217999999999919;0.3873062422123376
0.22189999999999188;0.38746776730638116
0.22199999999999187;0.3876283281500498
0.22209999999999186;0.38778792856945005
0.22219999999999185;0.3879465723918053
0.22229999999999184;0.38810426344529136
0.22239999999999183;0.3882610055588745
0.22249999999999182;0.38841680256214944
0.2225999999999918;0.3885716582851792
0.2226999999999918;0.38872557655833617
0.22279999999999178;0.38887856121214365
0.22289999999999177;0.38903061607711953
0.22299999999999176;0.3891817449836203
0.22309999999999175;0.3893319517616867
0.22319999999999174;0.38948124024089037
0.22329999999999173;0.3896296142501817
0.22339999999999172;0.389777077617739
0.2234999999999917;0.38992363417081827
0.2235999999999917;0.3900692877356052
0.22369999999999168;0.3902140421370671
0.22379999999999167;0.3903579011988072
0.22389999999999166;0.3905008687429189
0.22399999999999165;0.3906429485898423
0.22409999999999164;0.39078414455822125
0.22419999999999163;0.3909244604647618
0.22429999999999162;0.39106390012409176
0.2243999999999916;0.3912024673486213
0.2244999999999916;0.3913401659484051
0.22459999999999158;0.3914769997310053
0.22469999999999157;0.3916129725013556
0.22479999999999156;0.3917480880616272
0.22489999999999155;0.3918823502110946
0.22499999999999154;0.39201576274600397
0.22509999999999153;0.39214832945944206
0.22519999999999152;0.39228005414120576
0.2252999999999915;0.39241094057767395
0.2253999999999915;0.39254099255167957
0.22549999999999149;0.39267021384238326
0.22559999999999147;0.3927986082251481
0.22569999999999146;0.39292617947141567
0.22579999999999145;0.3930529313485827
0.22589999999999144;0.3931788676198798
0.22599999999999143;0.3933039920442503
0.22609999999999142;0.39342830837623116
0.2261999999999914;0.3935518203658345
0.2262999999999914;0.3936745317584304
0.22639999999999139;0.39379644629463084
0.22649999999999137;0.3939175677101749
0.22659999999999136;0.3940378997358149
0.22669999999999135;0.3941574460972039
0.22679999999999134;0.39427621051478423
0.22689999999999133;0.39439419670367715
0.22699999999999132;0.39451140837357357
0.2270999999999913;0.3946278492286262
0.2271999999999913;0.3947435229673424
0.2272999999999913;0.3948584332824784
0.22739999999999128;0.394972583860935
0.22749999999999126;0.3950859783836534
0.22759999999999125;0.3951986205255134
0.22769999999999124;0.39531051395523165
0.22779999999999123;0.3954216623352616
0.22789999999999122;0.3955320693216945
0.2279999999999912;0.39564173856416146
0.2280999999999912;0.3957506737057363
0.2281999999999912;0.3958588783828401
0.22829999999999118;0.3959663562251465
0.22839999999999117;0.3960731108554879
0.22849999999999115;0.39617914588976344
0.22859999999999114;0.3962844649368471
0.22869999999999113;0.3963890715984979
0.22879999999999112;0.3964929694692704
0.2288999999999911;0.3965961621364267
0.2289999999999911;0.3966986531798493
0.2290999999999911;0.3968004461719554
0.22919999999999108;0.3969015446776118
0.22929999999999107;0.39700195225405105
0.22939999999999106;0.3971016724507888
0.22949999999999104;0.3972007088095421
0.22959999999999103;0.3972990648641488
0.22969999999999102;0.39739674414048787
0.229799999999991;0.39749375015640087
0.229899999999991;0.3975900864216147
0.229999999999991;0.39768575643766485
0.23009999999999098;0.3977807636978201
0.23019999999999097;0.39787511168700834
0.23029999999999096;0.39796880388174294
0.23039999999999095;0.3980618437500507
0.23049999999999093;0.39815423475140044
0.23059999999999092;0.39824598033663267
0.2306999999999909;0.3983370839478906
0.2307999999999909;0.39842754901855154
0.2308999999999909;0.39851737897316003
0.23099999999999088;0.3986065772273613
0.23109999999999087;0.3986951471878363
0.23119999999999086;0.39878309225223724
0.23129999999999085;0.3988704158091246
0.23139999999999084;0.3989571212379045
0.23149999999999082;0.39904321190876785
0.2315999999999908;0.3991286911826298
0.2316999999999908;0.39921356241107026
0.2317999999999908;0.39929782893627597
0.23189999999999078;0.3993814940909827
0.23199999999999077;0.39946456119841905
0.23209999999999076;0.39954703357225074
0.23219999999999075;0.3996289145165264
0.23229999999999074;0.39971020732562357
0.23239999999999073;0.3997909152841964
0.23249999999999071;0.39987104166712373
0.2325999999999907;0.39995058973945835
0.2326999999999907;0.4000295627563772
0.23279999999999068;0.4001079639631323
0.23289999999999067;0.40018579659500286
0.23299999999999066;0.40026306387724814
0.23309999999999065;0.4003397690250611
0.23319999999999064;0.40041591524352327
0.23329999999999063;0.40049150572756037
0.23339999999999061;0.40056654366189853
0.2334999999999906;0.400641032221022
0.2335999999999906;0.4007149745691312
0.23369999999999058;0.4007883738601018
0.23379999999999057;0.400861233237445
0.23389999999999056;0.40093355583426804
0.23399999999999055;0.4010053447732362
0.23409999999999054;0.40107660316653526
0.23419999999999053;0.40114733411583514
0.23429999999999052;0.4012175407122538
0.2343999999999905;0.4012872260363227
0.2344999999999905;0.40135639315795285
0.23459999999999048;0.4014250451364011
0.23469999999999047;0.4014931850202384
0.23479999999999046;0.4015608158473178
0.23489999999999045;0.40162794064474383
0.23499999999999044;0.4016945624288427
0.23509999999999043;0.4017606842051331
0.23519999999999042;0.4018263089682978
0.2352999999999904;0.40189143970215613
0.2353999999999904;0.4019560793796375
0.23549999999999038;0.4020202309627551
0.23559999999999037;0.40208389740258094
0.23569999999999036;0.4021470816392214
0.23579999999999035;0.40220978660179374
0.23589999999999034;0.4022720152084029
0.23599999999999033;0.40233377036611967
0.23609999999999032;0.4023950549709594
0.2361999999999903;0.4024558719078612
0.2362999999999903;0.40251622405066806
0.23639999999999028;0.402576114262108
0.23649999999999027;0.4026355453937754
0.23659999999999026;0.4026945202861134
0.23669999999999025;0.40275304176839716
0.23679999999999024;0.4028111126587173
0.23689999999999023;0.40286873576396465
0.23699999999999022;0.4029259138798153
0.2370999999999902;0.4029826497907166
0.2371999999999902;0.40303894626987363
0.23729999999999019;0.40309480607923653
0.23739999999999017;0.4031502319694885
0.23749999999999016;0.4032052266800344
0.23759999999999015;0.40325979293898984
0.23769999999999014;0.4033139334631717
0.23779999999999013;0.4033676509580882
0.23789999999999012;0.4034209481179305
0.2379999999999901;0.4034738276255646
0.2380999999999901;0.4035262921525239
0.2381999999999901;0.4035783443590024
0.23829999999999008;0.4036299868938488
0.23839999999999006;0.40368122239456067
0.23849999999999005;0.40373205348727975
0.23859999999999004;0.4037824827867877
0.23869999999999003;0.4038325128965025
0.23879999999999002;0.40388214640847536
0.23889999999999;0.4039313859033882
0.23899999999999;0.40398023395055205
0.23909999999999;0.4040286931079057
0.23919999999998998;0.40407676592201486
0.23929999999998997;0.4041244549280726
0.23939999999998995;0.4041717626498992
0.23949999999998994;0.40421869159994384
0.23959999999998993;0.40426524427928595
0.23969999999998992;0.4043114231776374
0.2397999999999899;0.4043572307733454
0.2398999999999899;0.40440266953339576
0.2399999999999899;0.4044477419134168
0.24009999999998988;0.4044924503576836
0.24019999999998987;0.4045367972991233
0.24029999999998986;0.40458078515932
0.24039999999998984;0.4046244163485215
0.24049999999998983;0.40466769326564506
0.24059999999998982;0.4047106182982851
0.2406999999999898;0.4047531938227201
0.2407999999999898;0.4047954222039213
0.2408999999999898;0.4048373057955607
0.24099999999998978;0.40487884694002046
0.24109999999998977;0.4049200479684022
0.24119999999998976;0.4049609112005371
0.24129999999998974;0.4050014389449965
0.24139999999998973;0.40504163349910266
0.24149999999998972;0.4050814971489403
0.2415999999999897;0.4051210321693685
0.2416999999999897;0.405160240824033
0.2417999999999897;0.40519912536537916
0.24189999999998968;0.4052376880346649
0.24199999999998967;0.40527593106197474
0.24209999999998966;0.4053138566662338
0.24219999999998965;0.40535146705522235
0.24229999999998963;0.4053887644255907
0.24239999999998962;0.4054257509628749
0.2424999999999896;0.40546242884151235
0.2425999999999896;0.4054988002248582
0.2426999999999896;0.4055348672652018
0.24279999999998958;0.4055706321037841
0.24289999999998957;0.4056060968708147
0.24299999999998956;0.40564126368549014
0.24309999999998955;0.4056761346560119
0.24319999999998954;0.40571071187960495
0.24329999999998952;0.405744997442537
0.2433999999999895;0.4057789934201378
0.2434999999999895;0.40581270187681884
0.2435999999999895;0.4058461248660935
0.24369999999998948;0.40587926443059763
0.24379999999998947;0.4059121226021102
0.24389999999998946;0.4059447014015746
0.24399999999998945;0.40597700283912047
0.24409999999998944;0.40600902891408486
0.24419999999998943;0.40604078161503526
0.24429999999998941;0.4060722629197916
0.2443999999999894;0.40610347479544934
0.2444999999999894;0.40613441919840265
0.24459999999998938;0.406165098074368
0.24469999999998937;0.406195513358408
0.24479999999998936;0.40622566697495516
0.24489999999998935;0.40625556083783715
0.24499999999998934;0.4062851968503007
0.24509999999998933;0.4063145769050372
0.24519999999998932;0.40634370288420796
0.2452999999999893;0.40637257665946963
0.2453999999999893;0.40640120009200037
0.24549999999998928;0.40642957503252586
0.24559999999998927;0.406457703321346
0.24569999999998926;0.40648558678836144
0.24579999999998925;0.40651322725310063
0.24589999999998924;0.4065406265247472
0.24599999999998923;0.40656778640216745
0.24609999999998922;0.4065947086739381
0.2461999999999892;0.4066213951183744
0.2462999999999892;0.4066478475035583
0.24639999999998918;0.4066740675873672
0.24649999999998917;0.40670005711750223
0.24659999999998916;0.406725817831518
0.24669999999998915;0.40675135145685115
0.24679999999998914;0.4067766597108501
0.24689999999998913;0.4068017443008048
0.24699999999998912;0.40682660692397626
0.2470999999999891;0.4068512492676272
0.2471999999999891;0.4068756730090519
0.24729999999998908;0.40689987981560694
0.24739999999998907;0.40692387134474184
0.24749999999998906;0.40694764924403
0.24759999999998905;0.4069712151511999
0.24769999999998904;0.4069945706941662
0.24779999999998903;0.40701771749106164
0.24789999999998902;0.4070406571502681
0.247999999999989;0.407063391270449
0.248099999999989;0.40708592144058103
0.24819999999998898;0.40710824923998645
0.24829999999998897;0.40713037623836557
0.24839999999998896;0.4071523039958289
0.24849999999998895;0.40717403406293035
0.24859999999998894;0.4071955679806997
0.24869999999998893;0.40721690728067583
0.24879999999998892;0.40723805348493963
0.2488999999999889;0.40725900810614757
0.2489999999999889;0.4072797726475649
0.24909999999998889;0.40730034860309944
0.24919999999998887;0.4073207374573352
0.24929999999998886;0.40734094068556626
0.24939999999998885;0.4073609597538306
0.24949999999998884;0.4073807961189444
0.24959999999998883;0.40740045122853624
0.24969999999998882;0.40741992652108133
0.2497999999999888;0.4074392234259361
0.2498999999999888;0.40745834336337267
0.2499999999999888;0.4074772877446136
0.2500999999999888;0.4074960579718667
0.25019999999998876;0.40751465543835985
0.25029999999998875;0.40753308152837603
0.25039999999998874;0.4075513376172884
0.25049999999998873;0.40756942507159544
0.2505999999999887;0.4075873452489564
0.2506999999999887;0.4076050994982265
0.2507999999999887;0.40762268915949224
0.2508999999999887;0.40764011556410734
0.2509999999999887;0.40765738003472796
0.25109999999998867;0.40767448388534855
0.25119999999998865;0.4076914284213375
0.25129999999998864;0.4077082149394732
0.25139999999998863;0.40772484472797954
0.2514999999999886;0.4077413190665622
0.2515999999999886;0.40775763922644465
0.2516999999999886;0.40777380647040384
0.2517999999999886;0.40778982205280684
0.2518999999999886;0.40780568721964666
0.25199999999998857;0.4078214032085786
0.25209999999998856;0.4078369712489566
0.25219999999998854;0.4078523925618694
0.25229999999998853;0.4078676683601769
0.2523999999999885;0.40788279984854675
0.2524999999999885;0.4078977882234907
0.2525999999999885;0.407912634673401
0.2526999999999885;0.40792734037858686
0.2527999999999885;0.4079419065113111
0.25289999999998847;0.4079563342358268
0.25299999999998846;0.40797062470841355
0.25309999999998845;0.4079847790774144
0.25319999999998843;0.4079987984832722
0.2532999999999884;0.4080126840585665
0.2533999999999884;0.4080264369280499
0.2534999999999884;0.408040058208685
0.2535999999999884;0.40805354900968094
0.2536999999999884;0.4080669104325299
0.25379999999998837;0.4080801435710442
0.25389999999998836;0.40809324951139264
0.25399999999998835;0.40810622933213725
0.25409999999998834;0.40811908410427
0.2541999999999883;0.40813181489124956
0.2542999999999883;0.4081444227490379
0.2543999999999883;0.4081569087261368
0.2544999999999883;0.40816927386362484
0.2545999999999883;0.40818151919519374
0.25469999999998827;0.40819364574718514
0.25479999999998826;0.40820565453862706
0.25489999999998825;0.4082175465812707
0.25499999999998824;0.40822932287962677
0.2550999999999882;0.40824098443100226
0.2551999999999882;0.40825253222553676
0.2552999999999882;0.4082639672462391
0.2553999999999882;0.40827529046902367
0.2554999999999882;0.408286502862747
0.25559999999998817;0.40829760538924403
0.25569999999998816;0.4083085990033645
0.25579999999998815;0.40831948465300943
0.25589999999998814;0.40833026327916716
0.2559999999999881;0.40834093581594966
0.2560999999999881;0.40835150319062896
0.2561999999999881;0.40836196632367294
0.2562999999999881;0.4083723261287818
0.2563999999999881;0.408382583512924
0.25649999999998807;0.4083927393763721
0.25659999999998806;0.40840279461273893
0.25669999999998805;0.40841275010901357
0.25679999999998804;0.40842260674559694
0.256899999999988;0.40843236539633787
0.256999999999988;0.4084420269285688
0.257099999999988;0.40845159220314137
0.257199999999988;0.40846106207446203
0.257299999999988;0.40847043739052785
0.25739999999998797;0.40847971899296176
0.25749999999998796;0.40848890771704816
0.25759999999998795;0.4084980043917682
0.25769999999998794;0.4085070098398352
0.2577999999999879;0.40851592487772975
0.2578999999999879;0.408524750315735
0.2579999999999879;0.4085334869579717
0.2580999999999879;0.4085421356024333
0.2581999999999879;0.4085506970410208
0.2582999999999879;0.4085591720595777
0.25839999999998786;0.4085675614379247
0.25849999999998785;0.4085758659498947
0.25859999999998784;0.40858408636336707
0.25869999999998783;0.40859222344030244
0.2587999999999878;0.4086002779367771
0.2588999999999878;0.4086082506030176
0.2589999999999878;0.4086161421834346
0.2590999999999878;0.4086239534166577
0.2591999999999878;0.408631685035569
0.25929999999998776;0.4086393377673378
0.25939999999998775;0.40864691233345374
0.25949999999998774;0.40865440944976156
0.25959999999998773;0.4086618298264941
0.2596999999999877;0.4086691741683067
0.2597999999999877;0.4086764431743103
0.2598999999999877;0.408683637538105
0.2599999999999877;0.4086907579478138
0.2600999999999877;0.4086978050861155
0.26019999999998766;0.40870477963027824
0.26029999999998765;0.4087116822521925
0.26039999999998764;0.4087185136184041
0.26049999999998763;0.40872527439014716
0.2605999999999876;0.4087319652233769
0.2606999999999876;0.4087385867688024
0.2607999999999876;0.4087451396719192
0.2608999999999876;0.4087516245730418
0.2609999999999876;0.4087580421073362
0.26109999999998756;0.4087643929048518
0.26119999999998755;0.4087706775905543
0.26129999999998754;0.40877689678435714
0.26139999999998753;0.40878305110115387
0.2614999999999875;0.40878914115084986
0.2615999999999875;0.40879516753839423
0.2616999999999875;0.4088011308638113
0.2617999999999875;0.4088070317222324
0.2618999999999875;0.40881287070392697
0.26199999999998747;0.40881864839433446
0.26209999999998745;0.4088243653740949
0.26219999999998744;0.4088300222190804
0.26229999999998743;0.40883561950042613
0.2623999999999874;0.4088411577845611
0.2624999999999874;0.408846637633239
0.2625999999999874;0.4088520596035687
0.2626999999999874;0.4088574242480451
0.2627999999999874;0.4088627321145793
0.26289999999998737;0.40886798374652894
0.26299999999998736;0.40887317968272846
0.26309999999998734;0.40887832045751915
0.26319999999998733;0.40888340660077915
0.2632999999999873;0.4088884386379532
0.2633999999999873;0.4088934170900824
0.2634999999999873;0.40889834247383394
0.2635999999999873;0.4089032153015302
0.2636999999999873;0.40890803608117854
0.26379999999998727;0.4089128053165004
0.26389999999998726;0.40891752350696037
0.26399999999998724;0.40892219114779516
0.26409999999998723;0.4089268087300425
0.2641999999999872;0.40893137674057006
0.2642999999999872;0.40893589566210387
0.2643999999999872;0.4089403659732568
0.2644999999999872;0.4089447881485572
0.2645999999999872;0.40894916265847714
0.26469999999998717;0.40895348996946007
0.26479999999998716;0.40895777054394955
0.26489999999998715;0.4089620048404166
0.26499999999998713;0.40896619331338774
0.2650999999999871;0.40897033641347263
0.2651999999999871;0.40897443458739136
0.2652999999999871;0.4089784882780021
0.2653999999999871;0.4089824979243284
0.2654999999999871;0.408986463961586
0.26559999999998707;0.4089903868212102
0.26569999999998706;0.40899426693088264
0.26579999999998705;0.408998104714558
0.26589999999998704;0.40900190059249064
0.265999999999987;0.40900565498126135
0.266099999999987;0.4090093682938034
0.266199999999987;0.4090130409394291
0.266299999999987;0.4090166733238556
0.266399999999987;0.4090202658492314
0.26649999999998697;0.40902381891416173
0.26659999999998696;0.4090273329137346
0.26669999999998695;0.4090308082395464
0.26679999999998694;0.4090342452797272
0.2668999999999869;0.4090376444189665
0.2669999999999869;0.40904100603853816
0.2670999999999869;0.4090443305163256
0.2671999999999869;0.4090476182268469
0.2672999999999869;0.4090508695412796
0.26739999999998687;0.40905408482748545
0.26749999999998686;0.409057264450035
0.26759999999998685;0.4090604087702321
0.26769999999998684;0.40906351814613834
0.2677999999999868;0.4090665929325971
0.2678999999999868;0.409069633481258
0.2679999999999868;0.4090726401406005
0.2680999999999868;0.409075613255958
0.2681999999999868;0.40907855316954134
0.26829999999998677;0.4090814602204627
0.26839999999998676;0.40908433474475897
0.26849999999998675;0.409087177075415
0.26859999999998674;0.40908998754238673
0.2686999999999867;0.40909276647262477
0.2687999999999867;0.4090955141900968
0.2688999999999867;0.4090982310158107
0.2689999999999867;0.4091009172678373
0.2690999999999867;0.4091035732613329
0.26919999999998667;0.40910619930856157
0.26929999999998666;0.40910879571891795
0.26939999999998665;0.40911136279894894
0.26949999999998664;0.40911390085237626
0.26959999999998663;0.4091164101801179
0.2696999999999866;0.40911889108031063
0.2697999999999866;0.409121343848331
0.2698999999999866;0.40912376877681755
0.2699999999999866;0.40912616615569186
0.2700999999999866;0.4091285362721801
0.27019999999998656;0.40913087941083426
0.27029999999998655;0.40913319585355307
0.27039999999998654;0.40913548587960324
0.27049999999998653;0.4091377497656401
0.2705999999999865;0.4091399877857284
0.2706999999999865;0.409142200211363
0.2707999999999865;0.4091443873114892
0.2708999999999865;0.40914654935252326
0.2709999999999865;0.40914868659837245
0.27109999999998646;0.4091507993104554
0.27119999999998645;0.409152887747722
0.27129999999998644;0.40915495216667325
0.27139999999998643;0.4091569928213809
0.2714999999999864;0.40915900996350746
0.2715999999999864;0.40916100384232523
0.2716999999999864;0.4091629747047362
0.2717999999999864;0.40916492279529093
0.2718999999999864;0.4091668483562078
0.27199999999998636;0.40916875162739236
0.27209999999998635;0.4091706328464556
0.27219999999998634;0.4091724922487336
0.27229999999998633;0.4091743300673054
0.2723999999999863;0.4091761465330122
0.2724999999999863;0.40917794187447537
0.2725999999999863;0.409179716318115
0.2726999999999863;0.40918147008816813
0.2727999999999863;0.4091832034067068
0.27289999999998626;0.40918491649365596
0.27299999999998625;0.40918660956681147
0.27309999999998624;0.4091882828418578
0.27319999999998623;0.4091899365323856
0.2732999999999862;0.4091915708499094
0.2733999999999862;0.4091931860038849
0.2734999999999862;0.40919478220172606
0.2735999999999862;0.40919635964882284
0.2736999999999862;0.4091979185485577
0.27379999999998617;0.4091994591023229
0.27389999999998615;0.40920098150953715
0.27399999999998614;0.40920248596766257
0.27409999999998613;0.40920397267222103
0.2741999999999861;0.4092054418168109
0.2742999999999861;0.40920689359312334
0.2743999999999861;0.4092083281909586
0.2744999999999861;0.40920974579824215
0.2745999999999861;0.4092111466010409
0.27469999999998607;0.4092125307835791
0.27479999999998606;0.4092138985282541
0.27489999999998604;0.4092152500156522
0.27499999999998603;0.4092165854245641
0.275099999999986;0.40921790493200094
0.275199999999986;0.409219208713209
0.275299999999986;0.4092204969416855
0.275399999999986;0.40922176978919383
0.275499999999986;0.4092230274257784
0.27559999999998597;0.4092242700197796
0.27569999999998596;0.4092254977378493
0.27579999999998595;0.40922671074496475
0.27589999999998593;0.4092279092044439
0.2759999999999859;0.4092290932779598
0.2760999999999859;0.4092302631255551
0.2761999999999859;0.4092314189056563
0.2762999999999859;0.4092325607750882
0.2763999999999859;0.409233688889088
0.27649999999998587;0.40923480340131935
0.27659999999998586;0.40923590446388636
0.27669999999998585;0.40923699222734744
0.27679999999998584;0.4092380668407291
0.2768999999999858;0.40923912845153965
0.2769999999999858;0.40924017720578265
0.2770999999999858;0.40924121324797047
0.2771999999999858;0.40924223672113774
0.2772999999999858;0.40924324776685445
0.27739999999998577;0.40924424652523933
0.27749999999998576;0.4092452331349727
0.27759999999998575;0.4092462077333096
0.27769999999998574;0.4092471704560929
0.2777999999999857;0.4092481214377655
0.2778999999999857;0.40924906081138374
0.2779999999999857;0.4092499887086294
0.2780999999999857;0.40925090525982255
0.2781999999999857;0.40925181059393395
0.27829999999998567;0.40925270483859727
0.27839999999998566;0.4092535881201214
0.27849999999998565;0.4092544605635025
0.27859999999998564;0.4092553222924362
0.2786999999999856;0.4092561734293293
0.2787999999999856;0.409257014095312
0.2788999999999856;0.40925784441024937
0.2789999999999856;0.4092586644927531
0.2790999999999856;0.4092594744601933
0.27919999999998557;0.40926027442870966
0.27929999999998556;0.4092610645132232
0.27939999999998555;0.4092618448274473
0.27949999999998554;0.4092626154838994
0.2795999999999855;0.40926337659391154
0.2796999999999855;0.40926412826764186
0.2797999999999855;0.40926487061408556
0.2798999999999855;0.4092656037410856
0.2799999999999855;0.40926632775534366
0.28009999999998547;0.4092670427624309
0.28019999999998546;0.40926774886679845
0.28029999999998545;0.40926844617178804
0.28039999999998544;0.4092691347796426
0.2804999999999854;0.4092698147915164
0.2805999999999854;0.40927048630748575
0.2806999999999854;0.4092711494265587
0.2807999999999854;0.4092718042466856
0.2808999999999854;0.4092724508647691
0.2809999999999854;0.40927308937667406
0.28109999999998536;0.4092737198772374
0.28119999999998535;0.409274342460278
0.28129999999998534;0.40927495721860657
0.28139999999998533;0.4092755642440351
0.2814999999999853;0.4092761636273866
0.2815999999999853;0.40927675545850445
0.2816999999999853;0.4092773398262621
0.2817999999999853;0.4092779168185722
0.2818999999999853;0.40927848652239585
0.28199999999998526;0.40927904902375206
0.28209999999998525;0.40927960440772676
0.28219999999998524;0.4092801527584817
0.28229999999998523;0.4092806941592636
0.2823999999999852;0.409281228692413
0.2824999999999852;0.40928175643937326
0.2825999999999852;0.40928227748069884
0.2826999999999852;0.40928279189606465
0.2827999999999852;0.4092832997642742
0.28289999999998516;0.4092838011632681
0.28299999999998515;0.40928429617013307
0.28309999999998514;0.4092847848611096
0.28319999999998513;0.4092852673116009
0.2832999999999851;0.4092857435961808
0.2833999999999851;0.4092862137886021
0.2834999999999851;0.4092866779618045
0.2835999999999851;0.40928713618792306
0.2836999999999851;0.4092875885382957
0.28379999999998506;0.40928803508347145
0.28389999999998505;0.40928847589321804
0.28399999999998504;0.40928891103653003
0.28409999999998503;0.4092893405816361
0.284199999999985;0.409289764596007
0.284299999999985;0.40929018314636323
0.284399999999985;0.4092905962986821
0.284499999999985;0.40929100411820557
0.284599999999985;0.4092914066694475
0.28469999999998497;0.4092918040162012
0.28479999999998495;0.4092921962215461
0.28489999999998494;0.4092925833478558
0.28499999999998493;0.4092929654568043
0.2850999999999849;0.40929334260937394
0.2851999999999849;0.40929371486586164
0.2852999999999849;0.40929408228588643
0.2853999999999849;0.40929444492839606
0.2854999999999849;0.40929480285167374
0.28559999999998487;0.4092951561133452
0.28569999999998485;0.40929550477038523
0.28579999999998484;0.4092958488791243
0.28589999999998483;0.4092961884952552
0.2859999999999848;0.4092965236738395
0.2860999999999848;0.40929685446931424
0.2861999999999848;0.40929718093549805
0.2862999999999848;0.40929750312559776
0.2863999999999848;0.4092978210922145
0.28649999999998477;0.4092981348873502
0.28659999999998476;0.40929844456241327
0.28669999999998474;0.40929875016822553
0.28679999999998473;0.4092990517550275
0.2868999999999847;0.4092993493724849
0.2869999999999847;0.40929964306969446
0.2870999999999847;0.4092999328951899
0.2871999999999847;0.4093002188969477
0.2872999999999847;0.40930050112239286
0.28739999999998467;0.40930077961840494
0.28749999999998466;0.4093010544313235
0.28759999999998465;0.4093013256069537
0.28769999999998463;0.4093015931905722
0.2877999999999846;0.4093018572269324
0.2878999999999846;0.40930211776027015
0.2879999999999846;0.40930237483430904
0.2880999999999846;0.4093026284922659
0.2881999999999846;0.40930287877685606
0.28829999999998457;0.40930312573029876
0.28839999999998456;0.4093033693943223
0.28849999999998455;0.4093036098101693
0.28859999999998454;0.4093038470186017
0.2886999999999845;0.4093040810599061
0.2887999999999845;0.4093043119738987
0.2888999999999845;0.40930453979993026
0.2889999999999845;0.4093047645768911
0.2890999999999845;0.40930498634321594
0.28919999999998447;0.40930520513688895
0.28929999999998446;0.4093054209954484
0.28939999999998445;0.4093056339559916
0.28949999999998444;0.4093058440551794
0.2895999999999844;0.409306051329241
0.2896999999999844;0.40930625581397867
0.2897999999999844;0.40930645754477224
0.2898999999999844;0.4093066565565837
0.2899999999999844;0.4093068528839617
0.29009999999998437;0.4093070465610459
0.29019999999998436;0.40930723762157156
0.29029999999998435;0.40930742609887405
0.29039999999998434;0.4093076120258928
0.2904999999999843;0.4093077954351758
0.2905999999999843;0.40930797635888394
0.2906999999999843;0.4093081548287952
0.2907999999999843;0.4093083308763085
0.2908999999999843;0.40930850453244855
0.29099999999998427;0.40930867582786906
0.29109999999998426;0.4093088447928575
0.29119999999998425;0.4093090114573388
0.29129999999998424;0.4093091758508793
0.2913999999999842;0.40930933800269076
0.2914999999999842;0.4093094979416344
0.2915999999999842;0.4093096556962245
0.2916999999999842;0.40930981129463245
0.2917999999999842;0.4093099647646903
0.29189999999998417;0.4093101161338946
0.29199999999998416;0.4093102654294104
0.29209999999998415;0.4093104126780745
0.29219999999998414;0.40931055790639925
0.29229999999998413;0.40931070114057616
0.2923999999999841;0.40931084240647964
0.2924999999999841;0.40931098172967006
0.2925999999999841;0.4093111191353979
0.2926999999999841;0.40931125464860657
0.2927999999999841;0.40931138829393626
0.29289999999998406;0.40931152009572724
0.29299999999998405;0.40931165007802306
0.29309999999998404;0.409311778264574
0.29319999999998403;0.40931190467884054
0.293299999999984;0.40931202934399613
0.293399999999984;0.40931215228293105
0.293499999999984;0.409312273518255
0.293599999999984;0.40931239307230066
0.293699999999984;0.4093125109671267
0.29379999999998396;0.4093126272245208
0.29389999999998395;0.4093127418660028
0.29399999999998394;0.4093128549128278
0.29409999999998393;0.4093129663859891
0.2941999999999839;0.4093130763062208
0.2942999999999839;0.4093131846940017
0.2943999999999839;0.4093132915695571
0.2944999999999839;0.40931339695286245
0.2945999999999839;0.4093135008636459
0.29469999999998386;0.40931360332139105
0.29479999999998385;0.4093137043453401
0.29489999999998384;0.4093138039544962
0.29499999999998383;0.4093139021676264
0.2950999999999838;0.4093139990032645
0.2951999999999838;0.40931409447971323
0.2952999999999838;0.4093141886150476
0.2953999999999838;0.40931428142711684
0.2954999999999838;0.4093143729335476
0.29559999999998376;0.4093144631517461
0.29569999999998375;0.4093145520989008
0.29579999999998374;0.40931463979198496
0.29589999999998373;0.40931472624775916
0.2959999999999837;0.4093148114827737
0.2960999999999837;0.409314895513371
0.2961999999999837;0.4093149783556882
0.2962999999999837;0.40931506002565926
0.2963999999999837;0.4093151405390175
0.29649999999998367;0.40931521991129816
0.29659999999998365;0.4093152981578401
0.29669999999998364;0.4093153752937888
0.29679999999998363;0.4093154513340982
0.2968999999999836;0.40931552629353285
0.2969999999999836;0.4093156001866706
0.2970999999999836;0.4093156730279044
0.2971999999999836;0.40931574483144445
0.2972999999999836;0.4093158156113207
0.29739999999998357;0.4093158853813846
0.29749999999998356;0.40931595415531147
0.29759999999998354;0.4093160219466023
0.29769999999998353;0.4093160887685862
0.2977999999999835;0.409316154634422
0.2978999999999835;0.4093162195571007
0.2979999999999835;0.40931628354944694
0.2980999999999835;0.4093163466241216
0.2981999999999835;0.40931640879362313
0.29829999999998347;0.40931647007029
0.29839999999998346;0.4093165304663022
0.29849999999998345;0.4093165899936833
0.29859999999998343;0.40931664866430256
0.2986999999999834;0.4093167064898762
0.2987999999999834;0.4093167634819698
0.2988999999999834;0.4093168196519998
0.2989999999999834;0.40931687501123526
0.2990999999999834;0.40931692957079985
0.29919999999998337;0.40931698334167343
0.29929999999998336;0.4093170363346937
0.29939999999998335;0.4093170885605582
0.29949999999998334;0.4093171400298258
0.2995999999999833;0.40931719075291817
0.2996999999999833;0.409317240740122
0.2997999999999833;0.40931729000159006
0.2998999999999833;0.40931733854734315
0.2999999999999833;0.40931738638727155
0.30009999999998327;0.40931743353113675
0.30019999999998326;0.4093174799885728
0.30029999999998325;0.40931752576908814
0.30039999999998324;0.4093175708820668
0.3004999999999832;0.4093176153367701
0.3005999999999832;0.4093176591423382
0.3006999999999832;0.4093177023077915
0.3007999999999832;0.40931774484203215
0.3008999999999832;0.4093177867538453
0.30099999999998317;0.40931782805190087
0.30109999999998316;0.40931786874475456
0.30119999999998315;0.4093179088408498
0.30129999999998314;0.4093179483485184
0.3013999999999831;0.4093179872759827
0.3014999999999831;0.4093180256313562
0.3015999999999831;0.4093180634226455
0.3016999999999831;0.4093181006577512
0.3017999999999831;0.40931813734446953
0.30189999999998307;0.4093181734904932
0.30199999999998306;0.40931820910341327
0.30209999999998305;0.4093182441907199
0.30219999999998304;0.40931827875980376
0.302299999999983;0.40931831281795744
0.302399999999983;0.4093183463723765
0.302499999999983;0.40931837943016064
0.302599999999983;0.409318411998315
0.302699999999983;0.40931844408375123
0.30279999999998297;0.4093184756932888
0.30289999999998296;0.40931850683365606
0.30299999999998295;0.4093185375114913
0.30309999999998294;0.40931856773334413
0.3031999999999829;0.40931859750567623
0.3032999999999829;0.40931862683486286
0.3033999999999829;0.40931865572719356
0.3034999999999829;0.40931868418887346
0.3035999999999829;0.4093187122260243
0.3036999999999829;0.40931873984468536
0.30379999999998286;0.4093187670508148
0.30389999999998285;0.4093187938502904
0.30399999999998284;0.4093188202489105
0.30409999999998283;0.4093188462523953
0.3041999999999828;0.4093188718663877
0.3042999999999828;0.4093188970964543
0.3043999999999828;0.4093189219480863
0.3044999999999828;0.4093189464267005
0.3045999999999828;0.40931897053764044
0.30469999999998276;0.40931899428617685
0.30479999999998275;0.4093190176775091
0.30489999999998274;0.4093190407167658
0.30499999999998273;0.40931906340900576
0.3050999999999827;0.40931908575921894
0.3051999999999827;0.4093191077723273
0.3052999999999827;0.40931912945318566
0.3053999999999827;0.4093191508065825
0.3054999999999827;0.409319171837241
0.30559999999998266;0.40931919254981963
0.30569999999998265;0.40931921294891316
0.30579999999998264;0.40931923303905343
0.30589999999998263;0.4093192528247101
0.3059999999999826;0.4093192723102915
0.3060999999999826;0.4093192915001455
0.3061999999999826;0.4093193103985601
0.3062999999999826;0.4093193290097644
0.3063999999999826;0.40931934733792924
0.30649999999998256;0.40931936538716795
0.30659999999998255;0.4093193831615372
0.30669999999998254;0.4093194006650377
0.30679999999998253;0.40931941790161464
0.3068999999999825;0.40931943487515904
0.3069999999999825;0.4093194515895078
0.3070999999999825;0.40931946804844477
0.3071999999999825;0.4093194842557014
0.3072999999999825;0.4093195002149573
0.30739999999998247;0.409319515929841
0.30749999999998245;0.4093195314039307
0.30759999999998244;0.4093195466407547
0.30769999999998243;0.40931956164379224
0.3077999999999824;0.4093195764164742
0.3078999999999824;0.4093195909621835
0.3079999999999824;0.4093196052842559
0.3080999999999824;0.4093196193859806
0.3081999999999824;0.4093196332706008
0.30829999999998237;0.40931964694131423
0.30839999999998235;0.40931966040127404
0.30849999999998234;0.4093196736535892
0.30859999999998233;0.40931968670132485
0.3086999999999823;0.4093196995475034
0.3087999999999823;0.4093197121951046
0.3088999999999823;0.4093197246470664
0.3089999999999823;0.4093197369062854
0.3090999999999823;0.4093197489756175
0.30919999999998227;0.4093197608578782
0.30929999999998226;0.40931977255584334
0.30939999999998224;0.4093197840722496
0.30949999999998223;0.40931979540979513
0.3095999999999822;0.40931980657113964
0.3096999999999822;0.4093198175589055
0.3097999999999822;0.40931982837567776
0.3098999999999822;0.40931983902400493
0.3099999999999822;0.4093198495063993
0.31009999999998217;0.40931985982533753
0.31019999999998216;0.40931986998326114
0.31029999999998215;0.40931987998257685
0.31039999999998213;0.40931988982565715
0.3104999999999821;0.4093198995148408
0.3105999999999821;0.4093199090524332
0.3106999999999821;0.4093199184407068
0.3107999999999821;0.40931992768190173
0.3108999999999821;0.40931993677822603
0.31099999999998207;0.40931994573185615
0.31109999999998206;0.4093199545449374
0.31119999999998205;0.4093199632195844
0.31129999999998204;0.40931997175788154
0.311399999999982;0.40931998016188315
0.311499999999982;0.40931998843361417
0.311599999999982;0.40931999657507034
0.311699999999982;0.4093200045882188
0.311799999999982;0.40932001247499844
0.31189999999998197;0.40932002023732006
0.31199999999998196;0.409320027877067
0.31209999999998195;0.40932003539609546
0.31219999999998194;0.4093200427962348
0.3122999999999819;0.409320050079288
0.3123999999999819;0.40932005724703185
0.3124999999999819;0.4093200643012176
0.3125999999999819;0.40932007124357095
0.3126999999999819;0.4093200780757928
0.31279999999998187;0.40932008479955917
0.31289999999998186;0.4093200914165219
0.31299999999998185;0.40932009792830876
0.31309999999998184;0.4093201043365238
0.3131999999999818;0.40932011064274787
0.3132999999999818;0.40932011684853875
0.3133999999999818;0.4093201229554314
0.3134999999999818;0.4093201289649385
0.3135999999999818;0.40932013487855073
0.31369999999998177;0.40932014069773676
0.31379999999998176;0.40932014642394404
0.31389999999998175;0.4093201520585986
0.31399999999998174;0.40932015760310586
0.3140999999999817;0.4093201630588504
0.3141999999999817;0.4093201684271966
0.3142999999999817;0.40932017370948887
0.3143999999999817;0.40932017890705175
0.3144999999999817;0.40932018402119036
0.31459999999998167;0.4093201890531907
0.31469999999998166;0.4093201940043197
0.31479999999998165;0.4093201988758257
0.31489999999998164;0.40932020366893873
0.31499999999998163;0.40932020838487043
0.3150999999999816;0.4093202130248147
0.3151999999999816;0.40932021758994785
0.3152999999999816;0.40932022208142865
0.3153999999999816;0.4093202265003988
0.3154999999999816;0.4093202308479831
0.31559999999998156;0.4093202351252896
0.31569999999998155;0.40932023933340994
0.31579999999998154;0.4093202434734196
0.31589999999998153;0.4093202475463781
0.3159999999999815;0.409320251553329
0.3160999999999815;0.40932025549530066
0.3161999999999815;0.40932025937330585
0.3162999999999815;0.40932026318834236
0.3163999999999815;0.409320266941393
0.31649999999998146;0.40932027063342613
0.31659999999998145;0.40932027426539536
0.31669999999998144;0.40932027783824027
0.31679999999998143;0.4093202813528863
0.3168999999999814;0.40932028481024496
0.3169999999999814;0.4093202882112142
0.3170999999999814;0.4093202915566785
0.3171999999999814;0.40932029484750904
0.3172999999999814;0.4093202980845639
0.31739999999998136;0.40932030126868824
0.31749999999998135;0.40932030440071465
0.31759999999998134;0.40932030748146303
0.31769999999998133;0.40932031051174095
0.3177999999999813;0.40932031349234393
0.3178999999999813;0.4093203164240553
0.3179999999999813;0.4093203193076468
0.3180999999999813;0.4093203221438782
0.3181999999999813;0.4093203249334981
0.31829999999998126;0.4093203276772436
0.31839999999998125;0.4093203303758406
0.31849999999998124;0.40932033303000415
0.31859999999998123;0.4093203356404383
0.3186999999999812;0.40932033820783653
0.3187999999999812;0.40932034073288176
0.3188999999999812;0.40932034321624644
0.3189999999999812;0.409320345658593
0.3190999999999812;0.4093203480605735
0.31919999999998117;0.4093203504228303
0.31929999999998115;0.4093203527459959
0.31939999999998114;0.4093203550306931
0.31949999999998113;0.40932035727753524
0.3195999999999811;0.40932035948712625
0.3196999999999811;0.4093203616600609
0.3197999999999811;0.4093203637969248
0.3198999999999811;0.4093203658982946
0.3199999999999811;0.40932036796473814
0.32009999999998107;0.40932036999681454
0.32019999999998106;0.4093203719950742
0.32029999999998104;0.4093203739600594
0.32039999999998103;0.4093203758923037
0.320499999999981;0.40932037779233277
0.320599999999981;0.409320379660664
0.320699999999981;0.4093203814978068
0.320799999999981;0.40932038330426296
0.320899999999981;0.4093203850805262
0.32099999999998097;0.4093203868270829
0.32109999999998096;0.4093203885444117
0.32119999999998095;0.4093203902329841
0.32129999999998093;0.409320391893264
0.3213999999999809;0.40932039352570837
0.3214999999999809;0.40932039513076696
0.3215999999999809;0.40932039670888265
0.3216999999999809;0.4093203982604913
0.3217999999999809;0.40932039978602214
0.32189999999998087;0.4093204012858977
0.32199999999998086;0.4093204027605339
0.32209999999998085;0.4093204042103402
0.32219999999998084;0.4093204056357197
0.3222999999999808;0.40932040703706923
0.3223999999999808;0.4093204084147794
0.3224999999999808;0.4093204097692347
0.3225999999999808;0.4093204111008138
0.3226999999999808;0.40932041240988914
0.32279999999998077;0.4093204136968276
0.32289999999998076;0.4093204149619901
0.32299999999998075;0.4093204162057322
0.32309999999998074;0.4093204174284036
0.3231999999999807;0.4093204186303486
0.3232999999999807;0.40932041981190626
0.3233999999999807;0.40932042097341004
0.3234999999999807;0.4093204221151884
0.3235999999999807;0.40932042323756446
0.32369999999998067;0.4093204243408564
0.32379999999998066;0.4093204254253773
0.32389999999998065;0.4093204264914352
0.32399999999998064;0.40932042753933356
0.3240999999999806;0.4093204285693708
0.3241999999999806;0.40932042958184073
0.3242999999999806;0.40932043057703255
0.3243999999999806;0.4093204315552308
0.3244999999999806;0.4093204325167155
0.32459999999998057;0.40932043346176245
0.32469999999998056;0.4093204343906427
0.32479999999998055;0.4093204353036234
0.32489999999998054;0.40932043620096714
0.3249999999999805;0.40932043708293253
0.3250999999999805;0.409320437949774
0.3251999999999805;0.409320438801742
0.3252999999999805;0.4093204396390829
0.3253999999999805;0.4093204404620391
0.32549999999998047;0.4093204412708493
0.32559999999998046;0.40932044206574836
0.32569999999998045;0.4093204428469672
0.32579999999998044;0.40932044361473335
0.3258999999999804;0.4093204443692704
0.3259999999999804;0.4093204451107986
0.3260999999999804;0.4093204458395346
0.3261999999999804;0.40932044655569144
0.3262999999999804;0.4093204472594789
0.3263999999999804;0.4093204479511035
0.32649999999998036;0.4093204486307681
0.32659999999998035;0.4093204492986727
0.32669999999998034;0.4093204499550137
0.32679999999998033;0.4093204505999846
0.3268999999999803;0.4093204512337758
0.3269999999999803;0.4093204518565745
0.3270999999999803;0.40932045246856485
0.3271999999999803;0.4093204530699282
0.3272999999999803;0.40932045366084285
0.32739999999998026;0.4093204542414843
0.32749999999998025;0.40932045481202506
0.32759999999998024;0.409320455372635
0.32769999999998023;0.4093204559234812
0.3277999999999802;0.4093204564647281
0.3278999999999802;0.40932045699653724
0.3279999999999802;0.40932045751906787
0.3280999999999802;0.40932045803247635
0.3281999999999802;0.40932045853691673
0.32829999999998016;0.4093204590325404
0.32839999999998015;0.40932045951949636
0.32849999999998014;0.4093204599979312
0.32859999999998013;0.40932046046798914
0.3286999999999801;0.4093204609298119
0.3287999999999801;0.40932046138353906
0.3288999999999801;0.4093204618293078
0.3289999999999801;0.4093204622672532
0.3290999999999801;0.40932046269750805
0.32919999999998006;0.40932046312020287
0.32929999999998005;0.4093204635354662
0.32939999999998004;0.40932046394342436
0.32949999999998003;0.4093204643442018
0.32959999999998;0.4093204647379206
0.32969999999998;0.40932046512470116
0.32979999999998;0.40932046550466167
0.32989999999998;0.40932046587791854
0.32999999999998;0.4093204662445861
0.33009999999997997;0.40932046660477706
0.33019999999997995;0.40932046695860197
0.33029999999997994;0.4093204673061697
0.33039999999997993;0.40932046764758745
0.3304999999999799;0.4093204679829604
0.3305999999999799;0.40932046831239216
0.3306999999999799;0.40932046863598454
0.3307999999999799;0.40932046895383783
0.3308999999999799;0.4093204692660504
0.33099999999997987;0.4093204695727192
0.33109999999997985;0.4093204698739396
0.33119999999997984;0.40932047016980516
0.33129999999997983;0.40932047046040804
0.3313999999999798;0.40932047074583894
0.3314999999999798;0.4093204710261869
0.3315999999999798;0.4093204713015396
0.3316999999999798;0.40932047157198315
0.3317999999999798;0.40932047183760234
0.33189999999997977;0.4093204720984805
0.33199999999997976;0.40932047235469954
0.33209999999997974;0.40932047260634
0.33219999999997973;0.40932047285348117
0.3322999999999797;0.4093204730962009
0.3323999999999797;0.4093204733345759
0.3324999999999797;0.4093204735686813
0.3325999999999797;0.4093204737985913
0.3326999999999797;0.4093204740243787
0.33279999999997967;0.4093204742461151
0.33289999999997966;0.40932047446387093
0.33299999999997965;0.4093204746777153
0.33309999999997963;0.4093204748877164
0.3331999999999796;0.40932047509394104
0.3332999999999796;0.4093204752964551
0.3333999999999796;0.40932047549532313
0.3334999999999796;0.40932047569060886
0.3335999999999796;0.40932047588237475
0.33369999999997957;0.4093204760706823
0.33379999999997956;0.40932047625559187
0.33389999999997955;0.40932047643716296
0.33399999999997954;0.4093204766154539
0.3340999999999795;0.4093204767905222
0.3341999999999795;0.40932047696242424
0.3342999999999795;0.40932047713121555
0.3343999999999795;0.40932047729695065
0.3344999999999795;0.4093204774596832
0.33459999999997947;0.40932047761946594
0.33469999999997946;0.40932047777635067
0.33479999999997945;0.40932047793038834
0.33489999999997944;0.409320478081629
0.3349999999999794;0.40932047823012196
0.3350999999999794;0.40932047837591556
0.3351999999999794;0.4093204785190574
0.3352999999999794;0.40932047865959426
0.3353999999999794;0.409320478797572
0.33549999999997937;0.4093204789330359
0.33559999999997936;0.4093204790660303
0.33569999999997935;0.4093204791965989
0.33579999999997934;0.40932047932478466
0.3358999999999793;0.4093204794506296
0.3359999999999793;0.4093204795741753
0.3360999999999793;0.4093204796954624
0.3361999999999793;0.40932047981453107
0.3362999999999793;0.40932047993142057
0.33639999999997927;0.40932048004616955
0.33649999999997926;0.4093204801588161
0.33659999999997925;0.4093204802693976
0.33669999999997924;0.4093204803779507
0.3367999999999792;0.40932048048451153
0.3368999999999792;0.4093204805891155
0.3369999999999792;0.4093204806917976
0.3370999999999792;0.409320480792592
0.3371999999999792;0.4093204808915324
0.33729999999997917;0.4093204809886518
0.33739999999997916;0.4093204810839828
0.33749999999997915;0.4093204811775573
0.33759999999997914;0.40932048126940684
0.33769999999997913;0.4093204813595621
0.3377999999999791;0.4093204814480535
0.3378999999999791;0.4093204815349108
0.3379999999999791;0.4093204816201633
0.3380999999999791;0.4093204817038398
0.3381999999999791;0.4093204817859685
0.33829999999997906;0.4093204818665773
0.33839999999997905;0.4093204819456934
0.33849999999997904;0.4093204820233437
0.33859999999997903;0.4093204820995545
0.338699999999979;0.40932048217435174
0.338799999999979;0.40932048224776085
0.338899999999979;0.4093204823198069
0.338999999999979;0.4093204823905144
0.339099999999979;0.40932048245990743
0.33919999999997896;0.40932048252800984
0.33929999999997895;0.4093204825948449
0.33939999999997894;0.4093204826604354
0.33949999999997893;0.40932048272480404
0.3395999999999789;0.4093204827879728
0.3396999999999789;0.40932048284996336
0.3397999999999789;0.4093204829107971
0.3398999999999789;0.40932048297049506
0.3399999999999789;0.4093204830290777
0.34009999999997886;0.4093204830865654
0.34019999999997885;0.40932048314297786
0.34029999999997884;0.4093204831983348
0.34039999999997883;0.4093204832526553
0.3404999999999788;0.40932048330595816
0.3405999999999788;0.409320483358262
0.3406999999999788;0.409320483409585
0.3407999999999788;0.40932048345994493
0.3408999999999788;0.4093204835093594
0.34099999999997876;0.4093204835578457
0.34109999999997875;0.4093204836054207
0.34119999999997874;0.4093204836521011
0.34129999999997873;0.4093204836979032
0.3413999999999787;0.409320483742843
0.3414999999999787;0.4093204837869364
0.3415999999999787;0.40932048383019887
0.3416999999999787;0.4093204838726455
0.3417999999999787;0.4093204839142914
0.34189999999997867;0.40932048395515114
0.34199999999997865;0.4093204839952391
0.34209999999997864;0.4093204840345696
0.34219999999997863;0.40932048407315647
0.3422999999999786;0.40932048411101335
0.3423999999999786;0.4093204841481537
0.3424999999999786;0.40932048418459066
0.3425999999999786;0.40932048422033723
0.3426999999999786;0.40932048425540607
0.34279999999997857;0.4093204842898097
0.34289999999997856;0.40932048432356044
0.34299999999997854;0.40932048435667023
0.34309999999997853;0.4093204843891509
0.3431999999999785;0.4093204844210142
0.3432999999999785;0.4093204844522714
0.3433999999999785;0.40932048448293384
0.3434999999999785;0.40932048451301245
0.3435999999999785;0.40932048454251796
0.34369999999997847;0.40932048457146114
0.34379999999997846;0.4093204845998523
0.34389999999997845;0.4093204846277017
0.34399999999997843;0.4093204846550194
0.3440999999999784;0.40932048468181537
0.3441999999999784;0.4093204847080991
0.3442999999999784;0.4093204847338803
0.3443999999999784;0.40932048475916816
0.3444999999999784;0.409320484783972
0.34459999999997837;0.40932048480830074
0.34469999999997836;0.40932048483216327
0.34479999999997835;0.4093204848555682
0.34489999999997834;0.40932048487852424
0.3449999999999783;0.40932048490103956
0.3450999999999783;0.40932048492312256
0.3451999999999783;0.4093204849447812
0.3452999999999783;0.40932048496602347
0.3453999999999783;0.40932048498685714
0.34549999999997827;0.40932048500728985
0.34559999999997826;0.4093204850273291
0.34569999999997825;0.4093204850469823
0.34579999999997824;0.4093204850662567
0.3458999999999782;0.4093204850851593
0.3459999999999782;0.4093204851036972
0.3460999999999782;0.40932048512187713
0.3461999999999782;0.4093204851397059
0.3462999999999782;0.4093204851571901
0.34639999999997817;0.4093204851743362
0.34649999999997816;0.40932048519115055
0.34659999999997815;0.4093204852076394
0.34669999999997814;0.4093204852238089
0.3467999999999781;0.4093204852396651
0.3468999999999781;0.4093204852552138
0.3469999999999781;0.40932048527046094
0.3470999999999781;0.4093204852854121
0.3471999999999781;0.4093204853000729
0.34729999999997807;0.40932048531444887
0.34739999999997806;0.40932048532854537
0.34749999999997805;0.4093204853423677
0.34759999999997804;0.409320485355921
0.347699999999978;0.4093204853692105
0.347799999999978;0.40932048538224103
0.347899999999978;0.4093204853950176
0.347999999999978;0.409320485407545
0.348099999999978;0.409320485419828
0.34819999999997797;0.4093204854318712
0.34829999999997796;0.40932048544367916
0.34839999999997795;0.4093204854552564
0.34849999999997794;0.40932048546660726
0.3485999999999779;0.40932048547773603
0.3486999999999779;0.409320485488647
0.3487999999999779;0.40932048549934436
0.3488999999999779;0.409320485509832
0.3489999999999779;0.4093204855201142
0.3490999999999779;0.4093204855301946
0.34919999999997786;0.4093204855400772
0.34929999999997785;0.4093204855497658
0.34939999999997784;0.4093204855592641
0.34949999999997783;0.40932048556857564
0.3495999999999778;0.4093204855777041
0.3496999999999778;0.40932048558665296
0.3497999999999778;0.40932048559542566
0.3498999999999778;0.40932048560402556
0.3499999999999778;0.409320485612456
0.35009999999997776;0.4093204856207202
0.35019999999997775;0.40932048562882145
0.35029999999997774;0.40932048563676277
0.35039999999997773;0.40932048564454726
0.3504999999999777;0.40932048565217793
0.3505999999999777;0.4093204856596578
0.3506999999999777;0.40932048566698975
0.3507999999999777;0.40932048567417656
0.3508999999999777;0.40932048568122115
0.35099999999997766;0.4093204856881262
0.35109999999997765;0.4093204856948943
0.35119999999997764;0.4093204857015283
0.35129999999997763;0.4093204857080307
0.3513999999999776;0.409320485714404
0.3514999999999776;0.4093204857206507
0.3515999999999776;0.4093204857267733
0.3516999999999776;0.40932048573277424
0.3517999999999776;0.40932048573865576
0.35189999999997756;0.40932048574442026
0.35199999999997755;0.40932048575006996
0.35209999999997754;0.40932048575560714
0.35219999999997753;0.40932048576103397
0.3522999999999775;0.40932048576635255
0.3523999999999775;0.40932048577156505
0.3524999999999775;0.4093204857766735
0.3525999999999775;0.4093204857816799
0.3526999999999775;0.4093204857865863
0.35279999999997746;0.4093204857913946
0.35289999999997745;0.4093204857961067
0.35299999999997744;0.40932048580072455
0.35309999999997743;0.4093204858052499
0.3531999999999774;0.40932048580968455
0.3532999999999774;0.4093204858140304
0.3533999999999774;0.40932048581828906
0.3534999999999774;0.4093204858224623
0.3535999999999774;0.4093204858265517
0.35369999999997737;0.409320485830559
0.35379999999997735;0.4093204858344858
0.35389999999997734;0.4093204858383337
0.35399999999997733;0.4093204858421041
0.3540999999999773;0.4093204858457987
0.3541999999999773;0.4093204858494189
0.3542999999999773;0.40932048585296615
0.3543999999999773;0.4093204858564419
0.3544999999999773;0.40932048585984754
0.35459999999997727;0.4093204858631845
0.35469999999997726;0.4093204858664541
0.35479999999997724;0.40932048586965764
0.35489999999997723;0.40932048587279646
0.3549999999999772;0.40932048587587183
0.3550999999999772;0.409320485878885
0.3551999999999772;0.40932048588183717
0.3552999999999772;0.4093204858847296
0.3553999999999772;0.4093204858875634
0.35549999999997717;0.4093204858903398
0.35559999999997716;0.4093204858930599
0.35569999999997715;0.4093204858957248
0.35579999999997713;0.4093204858983356
0.3558999999999771;0.40932048590089337
0.3559999999999771;0.4093204859033992
0.3560999999999771;0.40932048590585407
0.3561999999999771;0.40932048590825904
0.3562999999999771;0.40932048591061504
0.35639999999997707;0.409320485912923
0.35649999999997706;0.40932048591518405
0.35659999999997705;0.409320485917399
0.35669999999997704;0.4093204859195688
0.356799999999977;0.4093204859216943
0.356899999999977;0.40932048592377646
0.356999999999977;0.40932048592581605
0.357099999999977;0.409320485927814
0.357199999999977;0.4093204859297711
0.35729999999997697;0.4093204859316882
0.35739999999997696;0.409320485933566
0.35749999999997695;0.40932048593540543
0.35759999999997694;0.40932048593720716
0.3576999999999769;0.40932048593897197
0.3577999999999769;0.40932048594070064
0.3578999999999769;0.4093204859423938
0.3579999999999769;0.4093204859440522
0.3580999999999769;0.40932048594567655
0.35819999999997687;0.40932048594726755
0.35829999999997686;0.40932048594882586
0.35839999999997685;0.40932048595035214
0.35849999999997684;0.409320485951847
0.3585999999999768;0.40932048595331105
0.3586999999999768;0.409320485954745
0.3587999999999768;0.4093204859561494
0.3588999999999768;0.40932048595752485
0.3589999999999768;0.4093204859588719
0.35909999999997677;0.40932048596019116
0.35919999999997676;0.4093204859614832
0.35929999999997675;0.40932048596274856
0.35939999999997674;0.40932048596398773
0.3594999999999767;0.4093204859652013
0.3595999999999767;0.4093204859663898
0.3596999999999767;0.40932048596755366
0.3597999999999767;0.40932048596869347
0.3598999999999767;0.40932048596980963
0.35999999999997667;0.40932048597090265
0.36009999999997666;0.409320485971973
0.36019999999997665;0.4093204859730212
0.36029999999997664;0.4093204859740476
0.36039999999997663;0.40932048597505266
0.3604999999999766;0.4093204859760369
0.3605999999999766;0.4093204859770006
0.3606999999999766;0.4093204859779443
0.3607999999999766;0.4093204859788684
0.3608999999999766;0.4093204859797732
0.36099999999997656;0.4093204859806592
0.36109999999997655;0.4093204859815267
0.36119999999997654;0.40932048598237614
0.36129999999997653;0.40932048598320786
0.3613999999999765;0.4093204859840222
0.3614999999999765;0.4093204859848195
0.3615999999999765;0.4093204859856002
0.3616999999999765;0.4093204859863646
0.3617999999999765;0.409320485987113
0.36189999999997646;0.40932048598784576
0.36199999999997645;0.40932048598856313
0.36209999999997644;0.4093204859892655
0.36219999999997643;0.4093204859899532
0.3622999999999764;0.4093204859906264
0.3623999999999764;0.40932048599128557
0.3624999999999764;0.4093204859919309
0.3625999999999764;0.4093204859925626
0.3626999999999764;0.4093204859931811
0.36279999999997636;0.4093204859937866
0.36289999999997635;0.40932048599437937
0.36299999999997634;0.4093204859949597
0.36309999999997633;0.4093204859955277
0.3631999999999763;0.4093204859960839
0.3632999999999763;0.4093204859966283
0.3633999999999763;0.4093204859971612
0.3634999999999763;0.40932048599768295
0.3635999999999763;0.40932048599819365
0.36369999999997626;0.40932048599869353
0.36379999999997625;0.4093204859991829
0.36389999999997624;0.4093204859996619
0.36399999999997623;0.4093204860001308
0.3640999999999762;0.40932048600058984
0.3641999999999762;0.4093204860010391
0.3642999999999762;0.4093204860014789
0.3643999999999762;0.40932048600190934
0.3644999999999762;0.4093204860023307
0.36459999999997617;0.4093204860027431
0.36469999999997615;0.40932048600314674
0.36479999999997614;0.4093204860035419
0.36489999999997613;0.40932048600392856
0.3649999999999761;0.4093204860043071
0.3650999999999761;0.4093204860046775
0.3651999999999761;0.4093204860050401
0.3652999999999761;0.409320486005395
0.3653999999999761;0.40932048600574233
0.36549999999997607;0.4093204860060823
0.36559999999997606;0.40932048600641496
0.36569999999997604;0.40932048600674054
0.36579999999997603;0.4093204860070592
0.365899999999976;0.4093204860073711
0.365999999999976;0.4093204860076763
0.366099999999976;0.409320486007975
0.366199999999976;0.4093204860082673
0.366299999999976;0.40932048600855336
0.36639999999997597;0.40932048600883336
0.36649999999997596;0.4093204860091073
0.36659999999997595;0.40932048600937543
0.36669999999997593;0.4093204860096378
0.3667999999999759;0.4093204860098945
0.3668999999999759;0.40932048601014576
0.3669999999999759;0.4093204860103916
0.3670999999999759;0.4093204860106322
0.3671999999999759;0.4093204860108676
0.36729999999997587;0.409320486011098
0.36739999999997586;0.4093204860113234
0.36749999999997585;0.40932048601154397
0.36759999999997583;0.4093204860117598
0.3676999999999758;0.409320486011971
0.3677999999999758;0.40932048601217763
0.3678999999999758;0.40932048601237986
0.3679999999999758;0.4093204860125777
0.3680999999999758;0.40932048601277127
0.36819999999997577;0.40932048601296067
0.36829999999997576;0.40932048601314597
0.36839999999997575;0.40932048601332727
0.36849999999997574;0.4093204860135047
0.3685999999999757;0.40932048601367826
0.3686999999999757;0.4093204860138481
0.3687999999999757;0.4093204860140142
0.3688999999999757;0.40932048601417675
0.3689999999999757;0.4093204860143358
0.36909999999997567;0.4093204860144914
0.36919999999997566;0.4093204860146436
0.36929999999997565;0.40932048601479254
0.36939999999997564;0.4093204860149382
0.3694999999999756;0.40932048601508075
0.3695999999999756;0.4093204860152202
0.3696999999999756;0.4093204860153566
0.3697999999999756;0.40932048601549004
0.3698999999999756;0.4093204860156206
0.36999999999997557;0.40932048601574833
0.37009999999997556;0.40932048601587323
0.37019999999997555;0.40932048601599547
0.37029999999997554;0.409320486016115
0.3703999999999755;0.40932048601623194
0.3704999999999755;0.40932048601634635
0.3705999999999755;0.40932048601645826
0.3706999999999755;0.4093204860165677
0.3707999999999755;0.40932048601667476
0.37089999999997547;0.4093204860167795
0.37099999999997546;0.4093204860168819
0.37109999999997545;0.4093204860169822
0.37119999999997544;0.40932048601708015
0.3712999999999754;0.409320486017176
0.3713999999999754;0.40932048601726984
0.3714999999999754;0.40932048601736154
0.3715999999999754;0.40932048601745125
0.3716999999999754;0.409320486017539
0.3717999999999754;0.40932048601762483
0.37189999999997536;0.40932048601770876
0.37199999999997535;0.40932048601779086
0.37209999999997534;0.40932048601787113
0.37219999999997533;0.4093204860179497
0.3722999999999753;0.40932048601802645
0.3723999999999753;0.40932048601810156
0.3724999999999753;0.40932048601817506
0.3725999999999753;0.4093204860182469
0.3726999999999753;0.40932048601831716
0.37279999999997526;0.4093204860183859
0.37289999999997525;0.40932048601845306
0.37299999999997524;0.4093204860185188
0.37309999999997523;0.40932048601858306
0.3731999999999752;0.4093204860186459
0.3732999999999752;0.40932048601870735
0.3733999999999752;0.40932048601876747
0.3734999999999752;0.40932048601882626
0.3735999999999752;0.4093204860188837
0.37369999999997516;0.40932048601893994
0.37379999999997515;0.4093204860189949
0.37389999999997514;0.40932048601904863
0.37399999999997513;0.4093204860191012
0.3740999999999751;0.4093204860191526
0.3741999999999751;0.40932048601920284
0.3742999999999751;0.409320486019252
0.3743999999999751;0.40932048601930004
0.3744999999999751;0.409320486019347
0.37459999999997506;0.4093204860193929
0.37469999999997505;0.4093204860194378
0.37479999999997504;0.4093204860194818
0.37489999999997503;0.4093204860195247
0.374999999999975;0.40932048601956667
0.375099999999975;0.40932048601960774
0.375199999999975;0.4093204860196479
0.375299999999975;0.4093204860196871
0.375399999999975;0.4093204860197255
0.37549999999997496;0.409320486019763
0.37559999999997495;0.40932048601979965
0.37569999999997494;0.4093204860198355
0.37579999999997493;0.4093204860198706
0.3758999999999749;0.40932048601990484
0.3759999999999749;0.40932048601993837
0.3760999999999749;0.4093204860199711
0.3761999999999749;0.40932048602000315
0.3762999999999749;0.40932048602003446
0.37639999999997487;0.40932048602006504
0.37649999999997485;0.40932048602009496
0.37659999999997484;0.4093204860201242
0.37669999999997483;0.4093204860201528
0.3767999999999748;0.40932048602018073
0.3768999999999748;0.4093204860202081
0.3769999999999748;0.4093204860202348
0.3770999999999748;0.4093204860202609
0.3771999999999748;0.4093204860202864
0.37729999999997477;0.40932048602031135
0.37739999999997476;0.40932048602033577
0.37749999999997474;0.4093204860203596
0.37759999999997473;0.4093204860203829
0.3776999999999747;0.40932048602040566
0.3777999999999747;0.4093204860204279
0.3778999999999747;0.4093204860204497
0.3779999999999747;0.409320486020471
0.3780999999999747;0.40932048602049176
0.37819999999997467;0.4093204860205121
0.37829999999997466;0.40932048602053195
0.37839999999997465;0.4093204860205514
0.37849999999997463;0.40932048602057036
0.3785999999999746;0.4093204860205889
0.3786999999999746;0.409320486020607
0.3787999999999746;0.4093204860206247
0.3788999999999746;0.409320486020642
0.3789999999999746;0.40932048602065896
0.37909999999997457;0.4093204860206755
0.37919999999997456;0.40932048602069165
0.37929999999997455;0.4093204860207075
0.37939999999997454;0.4093204860207229
0.3794999999999745;0.409320486020738
0.3795999999999745;0.40932048602075277
0.3796999999999745;0.40932048602076715
0.3797999999999745;0.40932048602078125
0.3798999999999745;0.409320486020795
0.37999999999997447;0.40932048602080845
0.38009999999997446;0.4093204860208216
0.38019999999997445;0.40932048602083443
0.38029999999997444;0.409320486020847
0.3803999999999744;0.40932048602085924
0.3804999999999744;0.40932048602087123
0.3805999999999744;0.40932048602088295
0.3806999999999744;0.4093204860208944
0.3807999999999744;0.4093204860209056
0.38089999999997437;0.4093204860209165
0.38099999999997436;0.4093204860209272
0.38109999999997435;0.4093204860209376
0.38119999999997434;0.4093204860209478
0.3812999999999743;0.4093204860209578
0.3813999999999743;0.4093204860209675
0.3814999999999743;0.409320486020977
0.3815999999999743;0.4093204860209863
0.3816999999999743;0.40932048602099536
0.38179999999997427;0.40932048602100424
0.38189999999997426;0.4093204860210129
0.38199999999997425;0.4093204860210214
0.38209999999997424;0.40932048602102966
0.3821999999999742;0.40932048602103777
0.3822999999999742;0.40932048602104565
0.3823999999999742;0.40932048602105336
0.3824999999999742;0.4093204860210609
0.3825999999999742;0.40932048602106824
0.38269999999997417;0.40932048602107546
0.38279999999997416;0.4093204860210825
0.38289999999997415;0.40932048602108934
0.38299999999997414;0.40932048602109605
0.38309999999997413;0.4093204860211026
0.3831999999999741;0.409320486021109
0.3832999999999741;0.40932048602111526
0.3833999999999741;0.40932048602112137
0.3834999999999741;0.40932048602112736
0.3835999999999741;0.4093204860211332
0.38369999999997406;0.40932048602113885
0.38379999999997405;0.40932048602114446
0.38389999999997404;0.4093204860211499
0.38399999999997403;0.40932048602115517
0.384099999999974;0.4093204860211604
0.384199999999974;0.40932048602116544
0.384299999999974;0.4093204860211704
0.384399999999974;0.4093204860211752
0.384499999999974;0.40932048602117993
0.38459999999997396;0.40932048602118454
0.38469999999997395;0.40932048602118903
0.38479999999997394;0.4093204860211935
0.38489999999997393;0.40932048602119775
0.3849999999999739;0.40932048602120197
0.3850999999999739;0.4093204860212061
0.3851999999999739;0.4093204860212101
0.3852999999999739;0.40932048602121396
0.3853999999999739;0.4093204860212178
0.38549999999997386;0.4093204860212215
0.38559999999997385;0.40932048602122517
0.38569999999997384;0.4093204860212287
0.38579999999997383;0.4093204860212322
0.3858999999999738;0.4093204860212356
0.3859999999999738;0.40932048602123894
0.3860999999999738;0.40932048602124216
0.3861999999999738;0.4093204860212453
0.3862999999999738;0.4093204860212484
0.38639999999997376;0.40932048602125143
0.38649999999997375;0.40932048602125437
0.38659999999997374;0.40932048602125726
0.38669999999997373;0.40932048602126003
0.3867999999999737;0.4093204860212628
0.3868999999999737;0.4093204860212655
0.3869999999999737;0.4093204860212681
0.3870999999999737;0.40932048602127064
0.3871999999999737;0.40932048602127313
0.38729999999997367;0.4093204860212756
0.38739999999997365;0.40932048602127796
0.38749999999997364;0.4093204860212803
0.38759999999997363;0.4093204860212825
0.3876999999999736;0.40932048602128474
0.3877999999999736;0.4093204860212869
0.3878999999999736;0.409320486021289
0.3879999999999736;0.4093204860212911
0.3880999999999736;0.4093204860212931
0.38819999999997357;0.40932048602129506
0.38829999999997356;0.409320486021297
0.38839999999997354;0.4093204860212989
0.38849999999997353;0.40932048602130067
0.3885999999999735;0.4093204860213025
0.3886999999999735;0.4093204860213042
0.3887999999999735;0.40932048602130594
0.3888999999999735;0.4093204860213076
0.3889999999999735;0.4093204860213092
0.38909999999997347;0.4093204860213108
0.38919999999997346;0.4093204860213123
0.38929999999997345;0.4093204860213139
0.38939999999997343;0.4093204860213153
0.3894999999999734;0.40932048602131677
0.3895999999999734;0.40932048602131815
0.3896999999999734;0.40932048602131954
0.3897999999999734;0.4093204860213209
0.3898999999999734;0.4093204860213222
0.38999999999997337;0.4093204860213235
0.39009999999997336;0.4093204860213247
0.39019999999997335;0.4093204860213259
0.39029999999997333;0.40932048602132715
0.3903999999999733;0.40932048602132826
0.3904999999999733;0.4093204860213294
0.3905999999999733;0.40932048602133053
0.3906999999999733;0.4093204860213316
0.3907999999999733;0.40932048602133264
0.39089999999997327;0.4093204860213337
0.39099999999997326;0.4093204860213347
0.39109999999997325;0.40932048602133564
0.39119999999997324;0.40932048602133664
0.3912999999999732;0.4093204860213375
0.3913999999999732;0.40932048602133847
0.3914999999999732;0.40932048602133936
0.3915999999999732;0.4093204860213402
0.3916999999999732;0.4093204860213411
0.39179999999997317;0.4093204860213419
0.39189999999997316;0.4093204860213427
0.39199999999997315;0.40932048602134347
0.39209999999997314;0.40932048602134424
0.3921999999999731;0.409320486021345
0.3922999999999731;0.40932048602134574
0.3923999999999731;0.40932048602134646
0.3924999999999731;0.40932048602134713
0.3925999999999731;0.40932048602134785
0.39269999999997307;0.4093204860213485
0.39279999999997306;0.40932048602134913
0.39289999999997305;0.4093204860213498
0.39299999999997304;0.4093204860213504
0.393099999999973;0.409320486021351
0.393199999999973;0.40932048602135157
0.393299999999973;0.4093204860213522
0.393399999999973;0.40932048602135274
0.393499999999973;0.40932048602135324
0.39359999999997297;0.4093204860213538
0.39369999999997296;0.4093204860213543
0.39379999999997295;0.40932048602135485
0.39389999999997294;0.40932048602135535
0.3939999999999729;0.4093204860213558
0.3940999999999729;0.4093204860213563
0.3941999999999729;0.40932048602135673
0.3942999999999729;0.4093204860213572
0.3943999999999729;0.4093204860213576
0.3944999999999729;0.40932048602135807
0.39459999999997286;0.40932048602135845
0.39469999999997285;0.4093204860213589
0.39479999999997284;0.4093204860213593
0.39489999999997283;0.4093204860213597
0.3949999999999728;0.40932048602136006
0.3950999999999728;0.4093204860213604
0.3951999999999728;0.4093204860213608
0.3952999999999728;0.4093204860213611
0.3953999999999728;0.40932048602136145
0.39549999999997276;0.4093204860213618
0.39559999999997275;0.4093204860213621
0.39569999999997274;0.40932048602136245
0.39579999999997273;0.40932048602136273
0.3958999999999727;0.40932048602136306
0.3959999999999727;0.40932048602136334
0.3960999999999727;0.4093204860213636
0.3961999999999727;0.40932048602136395
0.3962999999999727;0.40932048602136417
0.39639999999997266;0.40932048602136445
0.39649999999997265;0.4093204860213647
0.39659999999997264;0.409320486021365
0.39669999999997263;0.4093204860213652
0.3967999999999726;0.40932048602136545
0.3968999999999726;0.4093204860213657
0.3969999999999726;0.40932048602136595
0.3970999999999726;0.40932048602136617
0.3971999999999726;0.4093204860213664
0.39729999999997256;0.4093204860213666
0.39739999999997255;0.40932048602136684
0.39749999999997254;0.409320486021367
0.39759999999997253;0.4093204860213672
0.3976999999999725;0.4093204860213674
0.3977999999999725;0.4093204860213676
0.3978999999999725;0.4093204860213678
0.3979999999999725;0.40932048602136795
0.3980999999999725;0.4093204860213681
0.39819999999997246;0.40932048602136833
0.39829999999997245;0.4093204860213685
0.39839999999997244;0.4093204860213686
0.39849999999997243;0.4093204860213688
0.3985999999999724;0.40932048602136895
0.3986999999999724;0.4093204860213691
0.3987999999999724;0.4093204860213693
0.3988999999999724;0.4093204860213694
0.3989999999999724;0.40932048602136956
0.39909999999997237;0.40932048602136967
0.39919999999997235;0.40932048602136983
0.39929999999997234;0.40932048602136994
0.39939999999997233;0.40932048602137006
0.3994999999999723;0.40932048602137017
0.3995999999999723;0.40932048602137033
0.3996999999999723;0.40932048602137044
0.3997999999999723;0.40932048602137056
0.3998999999999723;0.40932048602137067
0.39999999999997227;0.4093204860213708
0.40009999999997226;0.4093204860213709
0.40019999999997224;0.409320486021371
0.40029999999997223;0.40932048602137105
0.4003999999999722;0.40932048602137117
0.4004999999999722;0.4093204860213713
0.4005999999999722;0.4093204860213714
0.4006999999999722;0.40932048602137144
0.4007999999999722;0.40932048602137155
0.40089999999997217;0.4093204860213716
0.40099999999997216;0.4093204860213717
0.40109999999997215;0.4093204860213718
0.40119999999997213;0.4093204860213719
0.4012999999999721;0.40932048602137194
0.4013999999999721;0.40932048602137205
0.4014999999999721;0.4093204860213721
0.4015999999999721;0.40932048602137217
0.4016999999999721;0.4093204860213723
0.40179999999997207;0.40932048602137233
0.40189999999997206;0.4093204860213724
0.40199999999997205;0.40932048602137244
0.40209999999997204;0.4093204860213725
0.402199999999972;0.4093204860213726
0.402299999999972;0.40932048602137266
0.402399999999972;0.4093204860213727
0.402499999999972;0.4093204860213728
0.402599999999972;0.40932048602137283
0.40269999999997197;0.4093204860213729
0.40279999999997196;0.40932048602137294
0.40289999999997195;0.409320486021373
0.40299999999997194;0.40932048602137305
0.4030999999999719;0.4093204860213731
0.4031999999999719;0.4093204860213731
0.4032999999999719;0.40932048602137316
0.4033999999999719;0.4093204860213732
0.4034999999999719;0.4093204860213733
0.40359999999997187;0.40932048602137333
0.40369999999997186;0.4093204860213734
0.40379999999997185;0.4093204860213734
0.40389999999997184;0.40932048602137344
0.4039999999999718;0.4093204860213735
0.4040999999999718;0.4093204860213735
0.4041999999999718;0.40932048602137355
0.4042999999999718;0.4093204860213736
0.4043999999999718;0.4093204860213736
0.40449999999997177;0.40932048602137366
0.40459999999997176;0.4093204860213737
0.40469999999997175;0.4093204860213737
0.40479999999997174;0.4093204860213738
0.4048999999999717;0.4093204860213738
0.4049999999999717;0.40932048602137383
0.4050999999999717;0.4093204860213739
0.4051999999999717;0.4093204860213739
0.4052999999999717;0.40932048602137394
0.40539999999997167;0.40932048602137394
0.40549999999997166;0.409320486021374
0.40559999999997165;0.409320486021374
0.40569999999997164;0.409320486021374
0.40579999999997163;0.40932048602137405
0.4058999999999716;0.40932048602137405
0.4059999999999716;0.4093204860213741
0.4060999999999716;0.4093204860213741
0.4061999999999716;0.40932048602137416
0.4062999999999716;0.40932048602137416
0.40639999999997156;0.40932048602137416
0.40649999999997155;0.4093204860213742
0.40659999999997154;0.4093204860213742
0.40669999999997153;0.4093204860213743
0.4067999999999715;0.4093204860213743
0.4068999999999715;0.4093204860213743
0.4069999999999715;0.40932048602137433
0.4070999999999715;0.40932048602137433
0.4071999999999715;0.40932048602137433
0.40729999999997146;0.40932048602137433
0.40739999999997145;0.4093204860213744
0.40749999999997144;0.4093204860213744
0.40759999999997143;0.4093204860213744
0.4076999999999714;0.40932048602137444
0.4077999999999714;0.40932048602137444
0.4078999999999714;0.40932048602137444
0.4079999999999714;0.40932048602137444
0.4080999999999714;0.4093204860213745
0.40819999999997136;0.4093204860213745
0.40829999999997135;0.4093204860213745
0.40839999999997134;0.4093204860213745
0.40849999999997133;0.40932048602137455
0.4085999999999713;0.40932048602137455
0.4086999999999713;0.40932048602137455
0.4087999999999713;0.40932048602137455
0.4088999999999713;0.40932048602137455
0.4089999999999713;0.4093204860213746
0.40909999999997126;0.4093204860213746
0.40919999999997125;0.4093204860213746
0.40929999999997124;0.4093204860213746
0.40939999999997123;0.4093204860213746
0.4094999999999712;0.40932048602137466
0.4095999999999712;0.40932048602137466
0.4096999999999712;0.40932048602137466
0.4097999999999712;0.40932048602137466
0.4098999999999712;0.40932048602137466
0.40999999999997117;0.40932048602137466
0.41009999999997115;0.40932048602137466
0.41019999999997114;0.4093204860213747
0.41029999999997113;0.4093204860213747
0.4103999999999711;0.4093204860213747
0.4104999999999711;0.4093204860213747
0.4105999999999711;0.4093204860213747
0.4106999999999711;0.4093204860213747
0.4107999999999711;0.4093204860213747
0.41089999999997107;0.4093204860213748
0.41099999999997106;0.4093204860213748
0.41109999999997104;0.4093204860213748
0.41119999999997103;0.4093204860213748
0.411299999999971;0.4093204860213748
0.411399999999971;0.4093204860213748
0.411499999999971;0.4093204860213748
0.411599999999971;0.4093204860213748
0.411699999999971;0.4093204860213748
0.41179999999997097;0.4093204860213748
0.41189999999997096;0.40932048602137483
0.41199999999997095;0.40932048602137483
0.41209999999997093;0.40932048602137483
0.4121999999999709;0.40932048602137483
0.4122999999999709;0.40932048602137483
0.4123999999999709;0.40932048602137483
0.4124999999999709;0.40932048602137483
0.4125999999999709;0.40932048602137483
0.41269999999997087;0.40932048602137483
0.41279999999997086;0.40932048602137483
0.41289999999997085;0.40932048602137483
0.41299999999997083;0.40932048602137483
0.4130999999999708;0.4093204860213749
0.4131999999999708;0.4093204860213749
0.4132999999999708;0.4093204860213749
0.4133999999999708;0.4093204860213749
0.4134999999999708;0.4093204860213749
0.41359999999997077;0.4093204860213749
0.41369999999997076;0.4093204860213749
0.41379999999997075;0.4093204860213749
0.41389999999997074;0.4093204860213749
0.4139999999999707;0.4093204860213749
0.4140999999999707;0.4093204860213749
0.4141999999999707;0.4093204860213749
0.4142999999999707;0.4093204860213749
0.4143999999999707;0.4093204860213749
0.41449999999997067;0.4093204860213749
0.41459999999997066;0.4093204860213749
0.41469999999997065;0.4093204860213749
0.41479999999997064;0.4093204860213749
0.4148999999999706;0.4093204860213749
0.4149999999999706;0.40932048602137494
0.4150999999999706;0.40932048602137494
0.4151999999999706;0.40932048602137494
0.4152999999999706;0.40932048602137494
0.41539999999997057;0.40932048602137494
0.41549999999997056;0.40932048602137494
0.41559999999997055;0.40932048602137494
0.41569999999997054;0.40932048602137494
0.4157999999999705;0.40932048602137494
0.4158999999999705;0.40932048602137494
0.4159999999999705;0.40932048602137494
0.4160999999999705;0.40932048602137494
0.4161999999999705;0.40932048602137494
0.41629999999997047;0.40932048602137494
0.41639999999997046;0.40932048602137494
0.41649999999997045;0.40932048602137494
0.41659999999997044;0.40932048602137494
0.4166999999999704;0.40932048602137494
0.4167999999999704;0.40932048602137494
0.4168999999999704;0.40932048602137494
0.4169999999999704;0.40932048602137494
0.4170999999999704;0.40932048602137494
0.4171999999999704;0.40932048602137494
0.41729999999997036;0.40932048602137494
0.41739999999997035;0.40932048602137494
0.41749999999997034;0.40932048602137494
0.41759999999997033;0.40932048602137494
0.4176999999999703;0.40932048602137494
0.4177999999999703;0.40932048602137494
0.4178999999999703;0.40932048602137494
0.4179999999999703;0.40932048602137494
0.4180999999999703;0.40932048602137494
0.41819999999997026;0.40932048602137494
0.41829999999997025;0.40932048602137494
0.41839999999997024;0.40932048602137494
0.41849999999997023;0.40932048602137494
0.4185999999999702;0.40932048602137494
0.4186999999999702;0.40932048602137494
0.4187999999999702;0.40932048602137494
0.4188999999999702;0.40932048602137494
0.4189999999999702;0.409320486021375
0.41909999999997016;0.409320486021375
0.41919999999997015;0.409320486021375
0.41929999999997014;0.409320486021375
0.41939999999997013;0.409320486021375
0.4194999999999701;0.409320486021375
0.4195999999999701;0.409320486021375
0.4196999999999701;0.409320486021375
0.4197999999999701;0.409320486021375
0.4198999999999701;0.409320486021375
0.41999999999997006;0.409320486021375
0.42009999999997005;0.409320486021375
0.42019999999997004;0.409320486021375
0.42029999999997003;0.409320486021375
0.42039999999997;0.409320486021375
0.42049999999997;0.409320486021375
0.42059999999997;0.409320486021375
0.42069999999997;0.409320486021375
0.42079999999997;0.409320486021375
0.42089999999996996;0.409320486021375
0.42099999999996995;0.409320486021375
0.42109999999996994;0.409320486021375
0.42119999999996993;0.409320486021375
0.4212999999999699;0.409320486021375
0.4213999999999699;0.409320486021375
0.4214999999999699;0.409320486021375
0.4215999999999699;0.409320486021375
0.4216999999999699;0.409320486021375
0.42179999999996987;0.409320486021375
0.42189999999996985;0.409320486021375
0.42199999999996984;0.409320486021375
0.42209999999996983;0.409320486021375
0.4221999999999698;0.409320486021375
0.4222999999999698;0.409320486021375
0.4223999999999698;0.409320486021375
0.4224999999999698;0.409320486021375
0.4225999999999698;0.409320486021375
0.42269999999996977;0.409320486021375
0.42279999999996976;0.409320486021375
0.42289999999996974;0.409320486021375
0.42299999999996973;0.409320486021375
0.4230999999999697;0.409320486021375
0.4231999999999697;0.409320486021375
0.4232999999999697;0.409320486021375
0.4233999999999697;0.409320486021375
0.4234999999999697;0.409320486021375
0.42359999999996967;0.409320486021375
0.42369999999996966;0.409320486021375
0.42379999999996965;0.409320486021375
0.42389999999996963;0.409320486021375
0.4239999999999696;0.409320486021375
0.4240999999999696;0.409320486021375
0.4241999999999696;0.409320486021375
0.4242999999999696;0.409320486021375
0.4243999999999696;0.409320486021375
0.42449999999996957;0.409320486021375
0.42459999999996956;0.409320486021375
0.42469999999996955;0.409320486021375
0.42479999999996954;0.409320486021375
0.4248999999999695;0.409320486021375
0.4249999999999695;0.409320486021375
0.4250999999999695;0.409320486021375
0.4251999999999695;0.409320486021375
0.4252999999999695;0.409320486021375
0.42539999999996947;0.409320486021375
0.42549999999996946;0.409320486021375
0.42559999999996945;0.409320486021375
0.42569999999996944;0.409320486021375
0.4257999999999694;0.409320486021375
0.4258999999999694;0.409320486021375
0.4259999999999694;0.409320486021375
0.4260999999999694;0.409320486021375
0.4261999999999694;0.409320486021375
0.42629999999996937;0.409320486021375
0.42639999999996936;0.409320486021375
0.42649999999996935;0.409320486021375
0.42659999999996934;0.409320486021375
0.4266999999999693;0.409320486021375
0.4267999999999693;0.409320486021375
0.4268999999999693;0.409320486021375
0.4269999999999693;0.409320486021375
0.4270999999999693;0.409320486021375
0.42719999999996927;0.409320486021375
0.42729999999996926;0.409320486021375
0.42739999999996925;0.409320486021375
0.42749999999996924;0.409320486021375
0.4275999999999692;0.409320486021375
0.4276999999999692;0.409320486021375
0.4277999999999692;0.409320486021375
0.4278999999999692;0.409320486021375
0.4279999999999692;0.409320486021375
0.42809999999996917;0.409320486021375
0.42819999999996916;0.409320486021375
0.42829999999996915;0.409320486021375
0.42839999999996914;0.409320486021375
0.42849999999996913;0.409320486021375
0.4285999999999691;0.409320486021375
0.4286999999999691;0.409320486021375
0.4287999999999691;0.409320486021375
0.4288999999999691;0.409320486021375
0.4289999999999691;0.409320486021375
0.42909999999996906;0.409320486021375
0.42919999999996905;0.409320486021375
0.42929999999996904;0.409320486021375
0.42939999999996903;0.409320486021375
0.429499999999969;0.409320486021375
0.429599999999969;0.409320486021375
0.429699999999969;0.409320486021375
0.429799999999969;0.409320486021375
0.429899999999969;0.409320486021375
0.42999999999996896;0.409320486021375
0.43009999999996895;0.409320486021375
0.43019999999996894;0.409320486021375
0.43029999999996893;0.409320486021375
0.4303999999999689;0.409320486021375
0.4304999999999689;0.409320486021375
0.4305999999999689;0.409320486021375
0.4306999999999689;0.409320486021375
0.4307999999999689;0.409320486021375
0.43089999999996886;0.409320486021375
0.43099999999996885;0.409320486021375
0.43109999999996884;0.409320486021375
0.43119999999996883;0.409320486021375
0.4312999999999688;0.409320486021375
0.4313999999999688;0.409320486021375
0.4314999999999688;0.409320486021375
0.4315999999999688;0.409320486021375
0.4316999999999688;0.409320486021375
0.43179999999996876;0.409320486021375
0.43189999999996875;0.409320486021375
0.43199999999996874;0.409320486021375
0.43209999999996873;0.409320486021375
0.4321999999999687;0.409320486021375
0.4322999999999687;0.409320486021375
0.4323999999999687;0.409320486021375
0.4324999999999687;0.409320486021375
0.4325999999999687;0.409320486021375
0.43269999999996867;0.409320486021375
0.43279999999996865;0.409320486021375
0.43289999999996864;0.409320486021375
0.43299999999996863;0.409320486021375
0.4330999999999686;0.409320486021375
0.4331999999999686;0.409320486021375
0.4332999999999686;0.409320486021375
0.4333999999999686;0.409320486021375
0.4334999999999686;0.409320486021375
0.43359999999996857;0.409320486021375
0.43369999999996856;0.409320486021375
0.43379999999996854;0.409320486021375
0.43389999999996853;0.409320486021375
0.4339999999999685;0.409320486021375
0.4340999999999685;0.409320486021375
0.4341999999999685;0.409320486021375
0.4342999999999685;0.409320486021375
0.4343999999999685;0.409320486021375
0.43449999999996847;0.409320486021375
0.43459999999996846;0.409320486021375
0.43469999999996844;0.409320486021375
0.43479999999996843;0.409320486021375
0.4348999999999684;0.409320486021375
0.4349999999999684;0.409320486021375
0.4350999999999684;0.409320486021375
0.4351999999999684;0.409320486021375
0.4352999999999684;0.409320486021375
0.43539999999996837;0.409320486021375
0.43549999999996836;0.409320486021375
0.43559999999996835;0.409320486021375
0.43569999999996833;0.409320486021375
0.4357999999999683;0.409320486021375
0.4358999999999683;0.409320486021375
0.4359999999999683;0.409320486021375
0.4360999999999683;0.409320486021375
0.4361999999999683;0.409320486021375
0.43629999999996827;0.409320486021375
0.43639999999996826;0.409320486021375
0.43649999999996825;0.409320486021375
0.43659999999996824;0.409320486021375
0.4366999999999682;0.409320486021375
0.4367999999999682;0.409320486021375
0.4368999999999682;0.409320486021375
0.4369999999999682;0.409320486021375
0.4370999999999682;0.409320486021375
0.43719999999996817;0.409320486021375
0.43729999999996816;0.409320486021375
0.43739999999996815;0.409320486021375
0.43749999999996814;0.409320486021375
0.4375999999999681;0.409320486021375
0.4376999999999681;0.409320486021375
0.4377999999999681;0.409320486021375
0.4378999999999681;0.409320486021375
0.4379999999999681;0.409320486021375
0.43809999999996807;0.409320486021375
0.43819999999996806;0.409320486021375
0.43829999999996805;0.409320486021375
0.43839999999996804;0.409320486021375
0.438499999999968;0.409320486021375
0.438599999999968;0.409320486021375
0.438699999999968;0.409320486021375
0.438799999999968;0.409320486021375
0.438899999999968;0.409320486021375
0.43899999999996797;0.409320486021375
0.43909999999996796;0.409320486021375
0.43919999999996795;0.409320486021375
0.43929999999996794;0.409320486021375
0.4393999999999679;0.409320486021375
0.4394999999999679;0.409320486021375
0.4395999999999679;0.409320486021375
0.4396999999999679;0.409320486021375
0.4397999999999679;0.409320486021375
0.4398999999999679;0.409320486021375
0.43999999999996786;0.409320486021375
0.44009999999996785;0.409320486021375
0.44019999999996784;0.409320486021375
0.44029999999996783;0.409320486021375
0.4403999999999678;0.409320486021375
0.4404999999999678;0.409320486021375
0.4405999999999678;0.409320486021375
0.4406999999999678;0.409320486021375
0.4407999999999678;0.409320486021375
0.44089999999996776;0.409320486021375
0.44099999999996775;0.409320486021375
0.44109999999996774;0.409320486021375
0.44119999999996773;0.409320486021375
0.4412999999999677;0.409320486021375
0.4413999999999677;0.409320486021375
0.4414999999999677;0.409320486021375
0.4415999999999677;0.409320486021375
0.4416999999999677;0.409320486021375
0.44179999999996766;0.409320486021375
0.44189999999996765;0.409320486021375
0.44199999999996764;0.409320486021375
0.44209999999996763;0.409320486021375
0.4421999999999676;0.409320486021375
0.4422999999999676;0.409320486021375
0.4423999999999676;0.409320486021375
0.4424999999999676;0.409320486021375
0.4425999999999676;0.409320486021375
0.44269999999996756;0.409320486021375
0.44279999999996755;0.409320486021375
0.44289999999996754;0.409320486021375
0.44299999999996753;0.409320486021375
0.4430999999999675;0.409320486021375
0.4431999999999675;0.409320486021375
0.4432999999999675;0.409320486021375
0.4433999999999675;0.409320486021375
0.4434999999999675;0.409320486021375
0.44359999999996746;0.409320486021375
0.44369999999996745;0.409320486021375
0.44379999999996744;0.409320486021375
0.44389999999996743;0.409320486021375
0.4439999999999674;0.409320486021375
0.4440999999999674;0.409320486021375
0.4441999999999674;0.409320486021375
0.4442999999999674;0.409320486021375
0.4443999999999674;0.409320486021375
0.44449999999996737;0.409320486021375
0.44459999999996735;0.409320486021375
0.44469999999996734;0.409320486021375
0.44479999999996733;0.409320486021375
0.4448999999999673;0.409320486021375
0.4449999999999673;0.409320486021375
0.4450999999999673;0.409320486021375
0.4451999999999673;0.409320486021375
0.4452999999999673;0.409320486021375
0.44539999999996727;0.409320486021375
0.44549999999996726;0.409320486021375
0.44559999999996724;0.409320486021375
0.44569999999996723;0.409320486021375
0.4457999999999672;0.409320486021375
0.4458999999999672;0.409320486021375
0.4459999999999672;0.409320486021375
0.4460999999999672;0.409320486021375
0.4461999999999672;0.409320486021375
0.44629999999996717;0.409320486021375
0.44639999999996716;0.409320486021375
0.44649999999996715;0.409320486021375
0.44659999999996713;0.409320486021375
0.4466999999999671;0.409320486021375
0.4467999999999671;0.409320486021375
0.4468999999999671;0.409320486021375
0.4469999999999671;0.409320486021375
0.4470999999999671;0.409320486021375
0.44719999999996707;0.409320486021375
0.44729999999996706;0.409320486021375
0.44739999999996705;0.409320486021375
0.44749999999996704;0.409320486021375
0.447599999999967;0.409320486021375
0.447699999999967;0.409320486021375
0.447799999999967;0.409320486021375
0.447899999999967;0.409320486021375
0.447999999999967;0.409320486021375
0.44809999999996697;0.409320486021375
0.44819999999996696;0.409320486021375
0.44829999999996695;0.409320486021375
0.44839999999996694;0.409320486021375
0.4484999999999669;0.409320486021375
0.4485999999999669;0.409320486021375
0.4486999999999669;0.409320486021375
0.4487999999999669;0.409320486021375
0.4488999999999669;0.409320486021375
0.44899999999996687;0.409320486021375
0.44909999999996686;0.409320486021375
0.44919999999996685;0.409320486021375
0.44929999999996684;0.409320486021375
0.4493999999999668;0.409320486021375
0.4494999999999668;0.409320486021375
0.4495999999999668;0.409320486021375
0.4496999999999668;0.409320486021375
0.4497999999999668;0.409320486021375
0.44989999999996677;0.409320486021375
0.44999999999996676;0.409320486021375
0.45009999999996675;0.409320486021375
0.45019999999996674;0.409320486021375
0.4502999999999667;0.409320486021375
0.4503999999999667;0.409320486021375
0.4504999999999667;0.409320486021375
0.4505999999999667;0.409320486021375
0.4506999999999667;0.409320486021375
0.45079999999996667;0.409320486021375
0.45089999999996666;0.409320486021375
0.45099999999996665;0.409320486021375
0.45109999999996664;0.409320486021375
0.45119999999996663;0.409320486021375
0.4512999999999666;0.409320486021375
0.4513999999999666;0.409320486021375
0.4514999999999666;0.409320486021375
0.4515999999999666;0.409320486021375
0.4516999999999666;0.409320486021375
0.45179999999996656;0.409320486021375
0.45189999999996655;0.409320486021375
0.45199999999996654;0.409320486021375
0.45209999999996653;0.409320486021375
0.4521999999999665;0.409320486021375
0.4522999999999665;0.409320486021375
0.4523999999999665;0.409320486021375
0.4524999999999665;0.409320486021375
0.4525999999999665;0.409320486021375
0.45269999999996646;0.409320486021375
0.45279999999996645;0.409320486021375
0.45289999999996644;0.409320486021375
0.45299999999996643;0.409320486021375
0.4530999999999664;0.409320486021375
0.4531999999999664;0.409320486021375
0.4532999999999664;0.409320486021375
0.4533999999999664;0.409320486021375
0.4534999999999664;0.409320486021375
0.45359999999996636;0.409320486021375
0.45369999999996635;0.409320486021375
0.45379999999996634;0.409320486021375
0.45389999999996633;0.409320486021375
0.4539999999999663;0.409320486021375
0.4540999999999663;0.409320486021375
0.4541999999999663;0.409320486021375
0.4542999999999663;0.409320486021375
0.4543999999999663;0.409320486021375
0.45449999999996626;0.409320486021375
0.45459999999996625;0.409320486021375
0.45469999999996624;0.409320486021375
0.45479999999996623;0.409320486021375
0.4548999999999662;0.409320486021375
0.4549999999999662;0.409320486021375
0.4550999999999662;0.409320486021375
0.4551999999999662;0.409320486021375
0.4552999999999662;0.409320486021375
0.45539999999996617;0.409320486021375
0.45549999999996615;0.409320486021375
0.45559999999996614;0.409320486021375
0.45569999999996613;0.409320486021375
0.4557999999999661;0.409320486021375
0.4558999999999661;0.409320486021375
0.4559999999999661;0.409320486021375
0.4560999999999661;0.409320486021375
0.4561999999999661;0.409320486021375
0.45629999999996607;0.409320486021375
0.45639999999996606;0.409320486021375
0.45649999999996604;0.409320486021375
0.45659999999996603;0.409320486021375
0.456699999999966;0.409320486021375
0.456799999999966;0.409320486021375
0.456899999999966;0.409320486021375
0.456999999999966;0.409320486021375
0.457099999999966;0.409320486021375
0.45719999999996597;0.409320486021375
0.45729999999996596;0.409320486021375
0.45739999999996594;0.409320486021375
0.45749999999996593;0.409320486021375
0.4575999999999659;0.409320486021375
0.4576999999999659;0.409320486021375
0.4577999999999659;0.409320486021375
0.4578999999999659;0.409320486021375
0.4579999999999659;0.409320486021375
0.45809999999996587;0.409320486021375
0.45819999999996586;0.409320486021375
0.45829999999996585;0.409320486021375
0.45839999999996583;0.409320486021375
0.4584999999999658;0.409320486021375
0.4585999999999658;0.409320486021375
0.4586999999999658;0.409320486021375
0.4587999999999658;0.409320486021375
0.4588999999999658;0.409320486021375
0.45899999999996577;0.409320486021375
0.45909999999996576;0.409320486021375
0.45919999999996575;0.409320486021375
0.45929999999996574;0.409320486021375
0.4593999999999657;0.409320486021375
0.4594999999999657;0.409320486021375
0.4595999999999657;0.409320486021375
0.4596999999999657;0.409320486021375
0.4597999999999657;0.409320486021375
0.45989999999996567;0.409320486021375
0.45999999999996566;0.409320486021375
0.46009999999996565;0.409320486021375
0.46019999999996564;0.409320486021375
0.4602999999999656;0.409320486021375
0.4603999999999656;0.409320486021375
0.4604999999999656;0.409320486021375
0.4605999999999656;0.409320486021375
0.4606999999999656;0.409320486021375
0.46079999999996557;0.409320486021375
0.46089999999996556;0.409320486021375
0.46099999999996555;0.409320486021375
0.46109999999996554;0.409320486021375
0.4611999999999655;0.409320486021375
0.4612999999999655;0.409320486021375
0.4613999999999655;0.409320486021375
0.4614999999999655;0.409320486021375
0.4615999999999655;0.409320486021375
0.46169999999996547;0.409320486021375
0.46179999999996546;0.409320486021375
0.46189999999996545;0.409320486021375
0.46199999999996544;0.409320486021375
0.4620999999999654;0.409320486021375
0.4621999999999654;0.409320486021375
0.4622999999999654;0.409320486021375
0.4623999999999654;0.409320486021375
0.4624999999999654;0.409320486021375
0.46259999999996537;0.409320486021375
0.46269999999996536;0.409320486021375
0.46279999999996535;0.409320486021375
0.46289999999996534;0.409320486021375
0.46299999999996533;0.409320486021375
0.4630999999999653;0.409320486021375
0.4631999999999653;0.409320486021375
0.4632999999999653;0.409320486021375
0.4633999999999653;0.409320486021375
0.4634999999999653;0.409320486021375
0.46359999999996526;0.409320486021375
0.46369999999996525;0.409320486021375
0.46379999999996524;0.409320486021375
0.46389999999996523;0.409320486021375
0.4639999999999652;0.409320486021375
0.4640999999999652;0.409320486021375
0.4641999999999652;0.409320486021375
0.4642999999999652;0.409320486021375
0.4643999999999652;0.409320486021375
0.46449999999996516;0.409320486021375
0.46459999999996515;0.409320486021375
0.46469999999996514;0.409320486021375
0.46479999999996513;0.409320486021375
0.4648999999999651;0.409320486021375
0.4649999999999651;0.409320486021375
0.4650999999999651;0.409320486021375
0.4651999999999651;0.409320486021375
0.4652999999999651;0.409320486021375
0.46539999999996506;0.409320486021375
0.46549999999996505;0.409320486021375
0.46559999999996504;0.409320486021375
0.46569999999996503;0.409320486021375
0.465799999999965;0.409320486021375
0.465899999999965;0.409320486021375
0.465999999999965;0.409320486021375
0.466099999999965;0.409320486021375
0.466199999999965;0.409320486021375
0.46629999999996496;0.409320486021375
0.46639999999996495;0.409320486021375
0.46649999999996494;0.409320486021375
0.46659999999996493;0.409320486021375
0.4666999999999649;0.409320486021375
0.4667999999999649;0.409320486021375
0.4668999999999649;0.409320486021375
0.4669999999999649;0.409320486021375
0.4670999999999649;0.409320486021375
0.46719999999996487;0.409320486021375
0.46729999999996485;0.409320486021375
0.46739999999996484;0.409320486021375
0.46749999999996483;0.409320486021375
0.4675999999999648;0.409320486021375
0.4676999999999648;0.409320486021375
0.4677999999999648;0.409320486021375
0.4678999999999648;0.409320486021375
0.4679999999999648;0.409320486021375
0.46809999999996477;0.409320486021375
0.46819999999996476;0.409320486021375
0.46829999999996474;0.409320486021375
0.46839999999996473;0.409320486021375
0.4684999999999647;0.409320486021375
0.4685999999999647;0.409320486021375
0.4686999999999647;0.409320486021375
0.4687999999999647;0.409320486021375
0.4688999999999647;0.409320486021375
0.46899999999996467;0.409320486021375
0.46909999999996466;0.409320486021375
0.46919999999996465;0.409320486021375
0.46929999999996463;0.409320486021375
0.4693999999999646;0.409320486021375
0.4694999999999646;0.409320486021375
0.4695999999999646;0.409320486021375
0.4696999999999646;0.409320486021375
0.4697999999999646;0.409320486021375
0.46989999999996457;0.409320486021375
0.46999999999996456;0.409320486021375
0.47009999999996455;0.409320486021375
0.47019999999996454;0.409320486021375
0.4702999999999645;0.409320486021375
0.4703999999999645;0.409320486021375
0.4704999999999645;0.409320486021375
0.4705999999999645;0.409320486021375
0.4706999999999645;0.409320486021375
0.47079999999996447;0.409320486021375
0.47089999999996446;0.409320486021375
0.47099999999996445;0.409320486021375
0.47109999999996444;0.409320486021375
0.4711999999999644;0.409320486021375
0.4712999999999644;0.409320486021375
0.4713999999999644;0.409320486021375
0.4714999999999644;0.409320486021375
0.4715999999999644;0.409320486021375
0.47169999999996437;0.409320486021375
0.47179999999996436;0.409320486021375
0.47189999999996435;0.409320486021375
0.47199999999996434;0.409320486021375
0.4720999999999643;0.409320486021375
0.4721999999999643;0.409320486021375
0.4722999999999643;0.409320486021375
0.4723999999999643;0.409320486021375
0.4724999999999643;0.409320486021375
0.47259999999996427;0.409320486021375
0.47269999999996426;0.409320486021375
0.47279999999996425;0.409320486021375
0.47289999999996424;0.409320486021375
0.4729999999999642;0.409320486021375
0.4730999999999642;0.409320486021375
0.4731999999999642;0.409320486021375
0.4732999999999642;0.409320486021375
0.4733999999999642;0.409320486021375
0.47349999999996417;0.409320486021375
0.47359999999996416;0.409320486021375
0.47369999999996415;0.409320486021375
0.47379999999996414;0.409320486021375
0.4738999999999641;0.409320486021375
0.4739999999999641;0.409320486021375
0.4740999999999641;0.409320486021375
0.4741999999999641;0.409320486021375
0.4742999999999641;0.409320486021375
0.4743999999999641;0.409320486021375
0.47449999999996406;0.409320486021375
0.47459999999996405;0.409320486021375
0.47469999999996404;0.409320486021375
0.47479999999996403;0.409320486021375
0.474899999999964;0.409320486021375
0.474999999999964;0.409320486021375
0.475099999999964;0.409320486021375
0.475199999999964;0.409320486021375
0.475299999999964;0.409320486021375
0.47539999999996396;0.409320486021375
0.47549999999996395;0.409320486021375
0.47559999999996394;0.409320486021375
0.47569999999996393;0.409320486021375
0.4757999999999639;0.409320486021375
0.4758999999999639;0.409320486021375
0.4759999999999639;0.409320486021375
0.4760999999999639;0.409320486021375
0.4761999999999639;0.409320486021375
0.47629999999996386;0.409320486021375
0.47639999999996385;0.409320486021375
0.47649999999996384;0.409320486021375
0.47659999999996383;0.409320486021375
0.4766999999999638;0.409320486021375
0.4767999999999638;0.409320486021375
0.4768999999999638;0.409320486021375
0.4769999999999638;0.409320486021375
0.4770999999999638;0.409320486021375
0.47719999999996376;0.409320486021375
0.47729999999996375;0.409320486021375
0.47739999999996374;0.409320486021375
0.47749999999996373;0.409320486021375
0.4775999999999637;0.409320486021375
0.4776999999999637;0.409320486021375
0.4777999999999637;0.409320486021375
0.4778999999999637;0.409320486021375
0.4779999999999637;0.409320486021375
0.47809999999996367;0.409320486021375
0.47819999999996365;0.409320486021375
0.47829999999996364;0.409320486021375
0.47839999999996363;0.409320486021375
0.4784999999999636;0.409320486021375
0.4785999999999636;0.409320486021375
0.4786999999999636;0.409320486021375
0.4787999999999636;0.409320486021375
0.4788999999999636;0.409320486021375
0.47899999999996357;0.409320486021375
0.47909999999996356;0.409320486021375
0.47919999999996354;0.409320486021375
0.47929999999996353;0.409320486021375
0.4793999999999635;0.409320486021375
0.4794999999999635;0.409320486021375
0.4795999999999635;0.409320486021375
0.4796999999999635;0.409320486021375
0.4797999999999635;0.409320486021375
0.47989999999996347;0.409320486021375
0.47999999999996346;0.409320486021375
0.48009999999996344;0.409320486021375
0.48019999999996343;0.409320486021375
0.4802999999999634;0.409320486021375
0.4803999999999634;0.409320486021375
0.4804999999999634;0.409320486021375
0.4805999999999634;0.409320486021375
0.4806999999999634;0.409320486021375
0.48079999999996337;0.409320486021375
0.48089999999996336;0.409320486021375
0.48099999999996335;0.409320486021375
0.48109999999996333;0.409320486021375
0.4811999999999633;0.409320486021375
0.4812999999999633;0.409320486021375
0.4813999999999633;0.409320486021375
0.4814999999999633;0.409320486021375
0.4815999999999633;0.409320486021375
0.48169999999996327;0.409320486021375
0.48179999999996326;0.409320486021375
0.48189999999996325;0.409320486021375
0.48199999999996324;0.409320486021375
0.4820999999999632;0.409320486021375
0.4821999999999632;0.409320486021375
0.4822999999999632;0.409320486021375
0.4823999999999632;0.409320486021375
0.4824999999999632;0.409320486021375
0.48259999999996317;0.409320486021375
0.48269999999996316;0.409320486021375
0.48279999999996315;0.409320486021375
0.48289999999996314;0.409320486021375
0.4829999999999631;0.409320486021375
0.4830999999999631;0.409320486021375
0.4831999999999631;0.409320486021375
0.4832999999999631;0.409320486021375
0.4833999999999631;0.409320486021375
0.48349999999996307;0.409320486021375
0.48359999999996306;0.409320486021375
0.48369999999996305;0.409320486021375
0.48379999999996304;0.409320486021375
0.483899999999963;0.409320486021375
0.483999999999963;0.409320486021375
0.484099999999963;0.409320486021375
0.484199999999963;0.409320486021375
0.484299999999963;0.409320486021375
0.48439999999996297;0.409320486021375
0.48449999999996296;0.409320486021375
0.48459999999996295;0.409320486021375
0.48469999999996294;0.409320486021375
0.4847999999999629;0.409320486021375
0.4848999999999629;0.409320486021375
0.4849999999999629;0.409320486021375
0.4850999999999629;0.409320486021375
0.4851999999999629;0.409320486021375
0.48529999999996287;0.409320486021375
0.48539999999996286;0.409320486021375
0.48549999999996285;0.409320486021375
0.48559999999996284;0.409320486021375
0.48569999999996283;0.409320486021375
0.4857999999999628;0.409320486021375
0.4858999999999628;0.409320486021375
0.4859999999999628;0.409320486021375
0.4860999999999628;0.409320486021375
0.4861999999999628;0.409320486021375
0.48629999999996276;0.409320486021375
0.48639999999996275;0.409320486021375
0.48649999999996274;0.409320486021375
0.48659999999996273;0.409320486021375
0.4866999999999627;0.409320486021375
0.4867999999999627;0.409320486021375
0.4868999999999627;0.409320486021375
0.4869999999999627;0.409320486021375
0.4870999999999627;0.409320486021375
0.48719999999996266;0.409320486021375
0.48729999999996265;0.409320486021375
0.48739999999996264;0.409320486021375
0.48749999999996263;0.409320486021375
0.4875999999999626;0.409320486021375
0.4876999999999626;0.409320486021375
0.4877999999999626;0.409320486021375
0.4878999999999626;0.409320486021375
0.4879999999999626;0.409320486021375
0.48809999999996256;0.409320486021375
0.48819999999996255;0.409320486021375
0.48829999999996254;0.409320486021375
0.48839999999996253;0.409320486021375
0.4884999999999625;0.409320486021375
0.4885999999999625;0.409320486021375
0.4886999999999625;0.409320486021375
0.4887999999999625;0.409320486021375
0.4888999999999625;0.409320486021375
0.48899999999996246;0.409320486021375
0.48909999999996245;0.409320486021375
0.48919999999996244;0.409320486021375
0.48929999999996243;0.409320486021375
0.4893999999999624;0.409320486021375
0.4894999999999624;0.409320486021375
0.4895999999999624;0.409320486021375
0.4896999999999624;0.409320486021375
0.4897999999999624;0.409320486021375
0.48989999999996237;0.409320486021375
0.48999999999996235;0.409320486021375
0.49009999999996234;0.409320486021375
0.49019999999996233;0.409320486021375
0.4902999999999623;0.409320486021375
0.4903999999999623;0.409320486021375
0.4904999999999623;0.409320486021375
0.4905999999999623;0.409320486021375
0.4906999999999623;0.409320486021375
0.49079999999996227;0.409320486021375
0.49089999999996226;0.409320486021375
0.49099999999996224;0.409320486021375
0.49109999999996223;0.409320486021375
0.4911999999999622;0.409320486021375
0.4912999999999622;0.409320486021375
0.4913999999999622;0.409320486021375
0.4914999999999622;0.409320486021375
0.4915999999999622;0.409320486021375
0.49169999999996217;0.409320486021375
0.49179999999996216;0.409320486021375
0.49189999999996215;0.409320486021375
0.49199999999996213;0.409320486021375
0.4920999999999621;0.409320486021375
0.4921999999999621;0.409320486021375
0.4922999999999621;0.409320486021375
0.4923999999999621;0.409320486021375
0.4924999999999621;0.409320486021375
0.49259999999996207;0.409320486021375
0.49269999999996206;0.409320486021375
0.49279999999996205;0.409320486021375
0.49289999999996204;0.409320486021375
0.492999999999962;0.409320486021375
0.493099999999962;0.409320486021375
0.493199999999962;0.409320486021375
0.493299999999962;0.409320486021375
0.493399999999962;0.409320486021375
0.49349999999996197;0.409320486021375
0.49359999999996196;0.409320486021375
0.49369999999996195;0.409320486021375
0.49379999999996194;0.409320486021375
0.4938999999999619;0.409320486021375
0.4939999999999619;0.409320486021375
0.4940999999999619;0.409320486021375
0.4941999999999619;0.409320486021375
0.4942999999999619;0.409320486021375
0.49439999999996187;0.409320486021375
0.49449999999996186;0.409320486021375
0.49459999999996185;0.409320486021375
0.49469999999996184;0.409320486021375
0.4947999999999618;0.409320486021375
0.4948999999999618;0.409320486021375
0.4949999999999618;0.409320486021375
0.4950999999999618;0.409320486021375
0.4951999999999618;0.409320486021375
0.49529999999996177;0.409320486021375
0.49539999999996176;0.409320486021375
0.49549999999996175;0.409320486021375
0.49559999999996174;0.409320486021375
0.4956999999999617;0.409320486021375
0.4957999999999617;0.409320486021375
0.4958999999999617;0.409320486021375
0.4959999999999617;0.409320486021375
0.4960999999999617;0.409320486021375
0.49619999999996167;0.409320486021375
0.49629999999996166;0.409320486021375
0.49639999999996165;0.409320486021375
0.49649999999996164;0.409320486021375
0.4965999999999616;0.409320486021375
0.4966999999999616;0.409320486021375
0.4967999999999616;0.409320486021375
0.4968999999999616;0.409320486021375
0.4969999999999616;0.409320486021375
0.4970999999999616;0.409320486021375
0.49719999999996156;0.409320486021375
0.49729999999996155;0.409320486021375
0.49739999999996154;0.409320486021375
0.49749999999996153;0.409320486021375
0.4975999999999615;0.409320486021375
0.4976999999999615;0.409320486021375
0.4977999999999615;0.409320486021375
0.4978999999999615;0.409320486021375
0.4979999999999615;0.409320486021375
0.49809999999996146;0.409320486021375
0.49819999999996145;0.409320486021375
0.49829999999996144;0.409320486021375
0.49839999999996143;0.409320486021375
0.4984999999999614;0.409320486021375
0.4985999999999614;0.409320486021375
0.4986999999999614;0.409320486021375
0.4987999999999614;0.409320486021375
0.4988999999999614;0.409320486021375
0.49899999999996136;0.409320486021375
0.49909999999996135;0.409320486021375
0.49919999999996134;0.409320486021375
0.49929999999996133;0.409320486021375
0.4993999999999613;0.409320486021375
0.4994999999999613;0.409320486021375
0.4995999999999613;0.409320486021375
0.4996999999999613;0.409320486021375
0.4997999999999613;0.409320486021375
0.49989999999996126;0.409320486021375
0.49999999999996125;0.409320486021375
0.5000999999999612;0.409320486021375
0.5001999999999612;0.409320486021375
0.5002999999999612;0.409320486021375
0.5003999999999612;0.409320486021375
0.5004999999999612;0.409320486021375
0.5005999999999612;0.409320486021375
0.5006999999999612;0.409320486021375
0.5007999999999612;0.409320486021375
0.5008999999999612;0.409320486021375
0.5009999999999611;0.409320486021375
0.5010999999999611;0.409320486021375
0.5011999999999611;0.409320486021375
0.5012999999999611;0.409320486021375
0.5013999999999611;0.409320486021375
0.5014999999999611;0.409320486021375
0.5015999999999611;0.409320486021375
0.5016999999999611;0.409320486021375
0.501799999999961;0.409320486021375
0.501899999999961;0.409320486021375
0.501999999999961;0.409320486021375
0.502099999999961;0.409320486021375
0.502199999999961;0.409320486021375
0.502299999999961;0.409320486021375
0.502399999999961;0.409320486021375
0.502499999999961;0.409320486021375
0.502599999999961;0.409320486021375
0.502699999999961;0.409320486021375
0.502799999999961;0.409320486021375
0.5028999999999609;0.409320486021375
0.5029999999999609;0.409320486021375
0.5030999999999609;0.409320486021375
0.5031999999999609;0.409320486021375
0.5032999999999609;0.409320486021375
0.5033999999999609;0.409320486021375
0.5034999999999609;0.409320486021375
0.5035999999999609;0.409320486021375
0.5036999999999608;0.409320486021375
0.5037999999999608;0.409320486021375
0.5038999999999608;0.409320486021375
0.5039999999999608;0.409320486021375
0.5040999999999608;0.409320486021375
0.5041999999999608;0.409320486021375
0.5042999999999608;0.409320486021375
0.5043999999999608;0.409320486021375
0.5044999999999608;0.409320486021375
0.5045999999999607;0.409320486021375
0.5046999999999607;0.409320486021375
0.5047999999999607;0.409320486021375
0.5048999999999607;0.409320486021375
0.5049999999999607;0.409320486021375
0.5050999999999607;0.409320486021375
0.5051999999999607;0.409320486021375
0.5052999999999607;0.409320486021375
0.5053999999999607;0.409320486021375
0.5054999999999606;0.409320486021375
0.5055999999999606;0.409320486021375
0.5056999999999606;0.409320486021375
0.5057999999999606;0.409320486021375
0.5058999999999606;0.409320486021375
0.5059999999999606;0.409320486021375
0.5060999999999606;0.409320486021375
0.5061999999999606;0.409320486021375
0.5062999999999606;0.409320486021375
0.5063999999999605;0.409320486021375
0.5064999999999605;0.409320486021375
0.5065999999999605;0.409320486021375
0.5066999999999605;0.409320486021375
0.5067999999999605;0.409320486021375
0.5068999999999605;0.409320486021375
0.5069999999999605;0.409320486021375
0.5070999999999605;0.409320486021375
0.5071999999999605;0.409320486021375
0.5072999999999604;0.409320486021375
0.5073999999999604;0.409320486021375
0.5074999999999604;0.409320486021375
0.5075999999999604;0.409320486021375
0.5076999999999604;0.409320486021375
0.5077999999999604;0.409320486021375
0.5078999999999604;0.409320486021375
0.5079999999999604;0.409320486021375
0.5080999999999604;0.409320486021375
0.5081999999999604;0.409320486021375
0.5082999999999603;0.409320486021375
0.5083999999999603;0.409320486021375
0.5084999999999603;0.409320486021375
0.5085999999999603;0.409320486021375
0.5086999999999603;0.409320486021375
0.5087999999999603;0.409320486021375
0.5088999999999603;0.409320486021375
0.5089999999999603;0.409320486021375
0.5090999999999603;0.409320486021375
0.5091999999999602;0.409320486021375
0.5092999999999602;0.409320486021375
0.5093999999999602;0.409320486021375
0.5094999999999602;0.409320486021375
0.5095999999999602;0.409320486021375
0.5096999999999602;0.409320486021375
0.5097999999999602;0.409320486021375
0.5098999999999602;0.409320486021375
0.5099999999999602;0.409320486021375
0.5100999999999601;0.409320486021375
0.5101999999999601;0.409320486021375
0.5102999999999601;0.409320486021375
0.5103999999999601;0.409320486021375
0.5104999999999601;0.409320486021375
0.5105999999999601;0.409320486021375
0.5106999999999601;0.409320486021375
0.5107999999999601;0.409320486021375
0.51089999999996;0.409320486021375
0.51099999999996;0.409320486021375
0.51109999999996;0.409320486021375
0.51119999999996;0.409320486021375
0.51129999999996;0.409320486021375
0.51139999999996;0.409320486021375
0.51149999999996;0.409320486021375
0.51159999999996;0.409320486021375
0.51169999999996;0.409320486021375
0.51179999999996;0.409320486021375
0.5118999999999599;0.409320486021375
0.5119999999999599;0.409320486021375
0.5120999999999599;0.409320486021375
0.5121999999999599;0.409320486021375
0.5122999999999599;0.409320486021375
0.5123999999999599;0.409320486021375
0.5124999999999599;0.409320486021375
0.5125999999999599;0.409320486021375
0.5126999999999599;0.409320486021375
0.5127999999999598;0.409320486021375
0.5128999999999598;0.409320486021375
0.5129999999999598;0.409320486021375
0.5130999999999598;0.409320486021375
0.5131999999999598;0.409320486021375
0.5132999999999598;0.409320486021375
0.5133999999999598;0.409320486021375
0.5134999999999598;0.409320486021375
0.5135999999999598;0.409320486021375
0.5136999999999597;0.409320486021375
0.5137999999999597;0.409320486021375
0.5138999999999597;0.409320486021375
0.5139999999999597;0.409320486021375
0.5140999999999597;0.409320486021375
0.5141999999999597;0.409320486021375
0.5142999999999597;0.409320486021375
0.5143999999999597;0.409320486021375
0.5144999999999597;0.409320486021375
0.5145999999999596;0.409320486021375
0.5146999999999596;0.409320486021375
0.5147999999999596;0.409320486021375
0.5148999999999596;0.409320486021375
0.5149999999999596;0.409320486021375
0.5150999999999596;0.409320486021375
0.5151999999999596;0.409320486021375
0.5152999999999596;0.409320486021375
0.5153999999999596;0.409320486021375
0.5154999999999595;0.409320486021375
0.5155999999999595;0.409320486021375
0.5156999999999595;0.409320486021375
0.5157999999999595;0.409320486021375
0.5158999999999595;0.409320486021375
0.5159999999999595;0.409320486021375
0.5160999999999595;0.409320486021375
0.5161999999999595;0.409320486021375
0.5162999999999595;0.409320486021375
0.5163999999999594;0.409320486021375
0.5164999999999594;0.409320486021375
0.5165999999999594;0.409320486021375
0.5166999999999594;0.409320486021375
0.5167999999999594;0.409320486021375
0.5168999999999594;0.409320486021375
0.5169999999999594;0.409320486021375
0.5170999999999594;0.409320486021375
0.5171999999999594;0.409320486021375
0.5172999999999593;0.409320486021375
0.5173999999999593;0.409320486021375
0.5174999999999593;0.409320486021375
0.5175999999999593;0.409320486021375
0.5176999999999593;0.409320486021375
0.5177999999999593;0.409320486021375
0.5178999999999593;0.409320486021375
0.5179999999999593;0.409320486021375
0.5180999999999593;0.409320486021375
0.5181999999999592;0.409320486021375
0.5182999999999592;0.409320486021375
0.5183999999999592;0.409320486021375
0.5184999999999592;0.409320486021375
0.5185999999999592;0.409320486021375
0.5186999999999592;0.409320486021375
0.5187999999999592;0.409320486021375
0.5188999999999592;0.409320486021375
0.5189999999999592;0.409320486021375
0.5190999999999591;0.409320486021375
0.5191999999999591;0.409320486021375
0.5192999999999591;0.409320486021375
0.5193999999999591;0.409320486021375
0.5194999999999591;0.409320486021375
0.5195999999999591;0.409320486021375
0.5196999999999591;0.409320486021375
0.5197999999999591;0.409320486021375
0.5198999999999591;0.409320486021375
0.519999999999959;0.409320486021375
0.520099999999959;0.409320486021375
0.520199999999959;0.409320486021375
0.520299999999959;0.409320486021375
0.520399999999959;0.409320486021375
0.520499999999959;0.409320486021375
0.520599999999959;0.409320486021375
0.520699999999959;0.409320486021375
0.520799999999959;0.409320486021375
0.520899999999959;0.409320486021375
0.5209999999999589;0.409320486021375
0.5210999999999589;0.409320486021375
0.5211999999999589;0.409320486021375
0.5212999999999589;0.409320486021375
0.5213999999999589;0.409320486021375
0.5214999999999589;0.409320486021375
0.5215999999999589;0.409320486021375
0.5216999999999589;0.409320486021375
0.5217999999999589;0.409320486021375
0.5218999999999588;0.409320486021375
0.5219999999999588;0.409320486021375
0.5220999999999588;0.409320486021375
0.5221999999999588;0.409320486021375
0.5222999999999588;0.409320486021375
0.5223999999999588;0.409320486021375
0.5224999999999588;0.409320486021375
0.5225999999999588;0.409320486021375
0.5226999999999588;0.409320486021375
0.5227999999999587;0.409320486021375
0.5228999999999587;0.409320486021375
0.5229999999999587;0.409320486021375
0.5230999999999587;0.409320486021375
0.5231999999999587;0.409320486021375
0.5232999999999587;0.409320486021375
0.5233999999999587;0.409320486021375
0.5234999999999587;0.409320486021375
0.5235999999999587;0.409320486021375
0.5236999999999586;0.409320486021375
0.5237999999999586;0.409320486021375
0.5238999999999586;0.409320486021375
0.5239999999999586;0.409320486021375
0.5240999999999586;0.409320486021375
0.5241999999999586;0.409320486021375
0.5242999999999586;0.409320486021375
0.5243999999999586;0.409320486021375
0.5244999999999586;0.409320486021375
0.5245999999999585;0.409320486021375
0.5246999999999585;0.409320486021375
0.5247999999999585;0.409320486021375
0.5248999999999585;0.409320486021375
0.5249999999999585;0.409320486021375
0.5250999999999585;0.409320486021375
0.5251999999999585;0.409320486021375
0.5252999999999585;0.409320486021375
0.5253999999999585;0.409320486021375
0.5254999999999584;0.409320486021375
0.5255999999999584;0.409320486021375
0.5256999999999584;0.409320486021375
0.5257999999999584;0.409320486021375
0.5258999999999584;0.409320486021375
0.5259999999999584;0.409320486021375
0.5260999999999584;0.409320486021375
0.5261999999999584;0.409320486021375
0.5262999999999584;0.409320486021375
0.5263999999999583;0.409320486021375
0.5264999999999583;0.409320486021375
0.5265999999999583;0.409320486021375
0.5266999999999583;0.409320486021375
0.5267999999999583;0.409320486021375
0.5268999999999583;0.409320486021375
0.5269999999999583;0.409320486021375
0.5270999999999583;0.409320486021375
0.5271999999999583;0.409320486021375
0.5272999999999582;0.409320486021375
0.5273999999999582;0.409320486021375
0.5274999999999582;0.409320486021375
0.5275999999999582;0.409320486021375
0.5276999999999582;0.409320486021375
0.5277999999999582;0.409320486021375
0.5278999999999582;0.409320486021375
0.5279999999999582;0.409320486021375
0.5280999999999582;0.409320486021375
0.5281999999999581;0.409320486021375
0.5282999999999581;0.409320486021375
0.5283999999999581;0.409320486021375
0.5284999999999581;0.409320486021375
0.5285999999999581;0.409320486021375
0.5286999999999581;0.409320486021375
0.5287999999999581;0.409320486021375
0.5288999999999581;0.409320486021375
0.5289999999999581;0.409320486021375
0.529099999999958;0.409320486021375
0.529199999999958;0.409320486021375
0.529299999999958;0.409320486021375
0.529399999999958;0.409320486021375
0.529499999999958;0.409320486021375
0.529599999999958;0.409320486021375
0.529699999999958;0.409320486021375
0.529799999999958;0.409320486021375
0.529899999999958;0.409320486021375
0.529999999999958;0.409320486021375
0.5300999999999579;0.409320486021375
0.5301999999999579;0.409320486021375
0.5302999999999579;0.409320486021375
0.5303999999999579;0.409320486021375
0.5304999999999579;0.409320486021375
0.5305999999999579;0.409320486021375
0.5306999999999579;0.409320486021375
0.5307999999999579;0.409320486021375
0.5308999999999579;0.409320486021375
0.5309999999999578;0.409320486021375
0.5310999999999578;0.409320486021375
0.5311999999999578;0.409320486021375
0.5312999999999578;0.409320486021375
0.5313999999999578;0.409320486021375
0.5314999999999578;0.409320486021375
0.5315999999999578;0.409320486021375
0.5316999999999578;0.409320486021375
0.5317999999999578;0.409320486021375
0.5318999999999577;0.409320486021375
0.5319999999999577;0.409320486021375
0.5320999999999577;0.409320486021375
0.5321999999999577;0.409320486021375
0.5322999999999577;0.409320486021375
0.5323999999999577;0.409320486021375
0.5324999999999577;0.409320486021375
0.5325999999999577;0.409320486021375
0.5326999999999577;0.409320486021375
0.5327999999999576;0.409320486021375
0.5328999999999576;0.409320486021375
0.5329999999999576;0.409320486021375
0.5330999999999576;0.409320486021375
0.5331999999999576;0.409320486021375
0.5332999999999576;0.409320486021375
0.5333999999999576;0.409320486021375
0.5334999999999576;0.409320486021375
0.5335999999999576;0.409320486021375
0.5336999999999575;0.409320486021375
0.5337999999999575;0.409320486021375
0.5338999999999575;0.409320486021375
0.5339999999999575;0.409320486021375
0.5340999999999575;0.409320486021375
0.5341999999999575;0.409320486021375
0.5342999999999575;0.409320486021375
0.5343999999999575;0.409320486021375
0.5344999999999575;0.409320486021375
0.5345999999999574;0.409320486021375
0.5346999999999574;0.409320486021375
0.5347999999999574;0.409320486021375
0.5348999999999574;0.409320486021375
0.5349999999999574;0.409320486021375
0.5350999999999574;0.409320486021375
0.5351999999999574;0.409320486021375
0.5352999999999574;0.409320486021375
0.5353999999999574;0.409320486021375
0.5354999999999573;0.409320486021375
0.5355999999999573;0.409320486021375
0.5356999999999573;0.409320486021375
0.5357999999999573;0.409320486021375
0.5358999999999573;0.409320486021375
0.5359999999999573;0.409320486021375
0.5360999999999573;0.409320486021375
0.5361999999999573;0.409320486021375
0.5362999999999573;0.409320486021375
0.5363999999999572;0.409320486021375
0.5364999999999572;0.409320486021375
0.5365999999999572;0.409320486021375
0.5366999999999572;0.409320486021375
0.5367999999999572;0.409320486021375
0.5368999999999572;0.409320486021375
0.5369999999999572;0.409320486021375
0.5370999999999572;0.409320486021375
0.5371999999999572;0.409320486021375
0.5372999999999571;0.409320486021375
0.5373999999999571;0.409320486021375
0.5374999999999571;0.409320486021375
0.5375999999999571;0.409320486021375
0.5376999999999571;0.409320486021375
0.5377999999999571;0.409320486021375
0.5378999999999571;0.409320486021375
0.5379999999999571;0.409320486021375
0.5380999999999571;0.409320486021375
0.538199999999957;0.409320486021375
0.538299999999957;0.409320486021375
0.538399999999957;0.409320486021375
0.538499999999957;0.409320486021375
0.538599999999957;0.409320486021375
0.538699999999957;0.409320486021375
0.538799999999957;0.409320486021375
0.538899999999957;0.409320486021375
0.538999999999957;0.409320486021375
0.539099999999957;0.409320486021375
0.5391999999999569;0.409320486021375
0.5392999999999569;0.409320486021375
0.5393999999999569;0.409320486021375
0.5394999999999569;0.409320486021375
0.5395999999999569;0.409320486021375
0.5396999999999569;0.409320486021375
0.5397999999999569;0.409320486021375
0.5398999999999569;0.409320486021375
0.5399999999999568;0.409320486021375
0.5400999999999568;0.409320486021375
0.5401999999999568;0.409320486021375
0.5402999999999568;0.409320486021375
0.5403999999999568;0.409320486021375
0.5404999999999568;0.409320486021375
0.5405999999999568;0.409320486021375
0.5406999999999568;0.409320486021375
0.5407999999999568;0.409320486021375
0.5408999999999567;0.409320486021375
0.5409999999999567;0.409320486021375
0.5410999999999567;0.409320486021375
0.5411999999999567;0.409320486021375
0.5412999999999567;0.409320486021375
0.5413999999999567;0.409320486021375
0.5414999999999567;0.409320486021375
0.5415999999999567;0.409320486021375
0.5416999999999567;0.409320486021375
0.5417999999999566;0.409320486021375
0.5418999999999566;0.409320486021375
0.5419999999999566;0.409320486021375
0.5420999999999566;0.409320486021375
0.5421999999999566;0.409320486021375
0.5422999999999566;0.409320486021375
0.5423999999999566;0.409320486021375
0.5424999999999566;0.409320486021375
0.5425999999999566;0.409320486021375
0.5426999999999566;0.409320486021375
0.5427999999999565;0.409320486021375
0.5428999999999565;0.409320486021375
0.5429999999999565;0.409320486021375
0.5430999999999565;0.409320486021375
0.5431999999999565;0.409320486021375
0.5432999999999565;0.409320486021375
0.5433999999999565;0.409320486021375
0.5434999999999565;0.409320486021375
0.5435999999999565;0.409320486021375
0.5436999999999564;0.409320486021375
0.5437999999999564;0.409320486021375
0.5438999999999564;0.409320486021375
0.5439999999999564;0.409320486021375
0.5440999999999564;0.409320486021375
0.5441999999999564;0.409320486021375
0.5442999999999564;0.409320486021375
0.5443999999999564;0.409320486021375
0.5444999999999564;0.409320486021375
0.5445999999999563;0.409320486021375
0.5446999999999563;0.409320486021375
0.5447999999999563;0.409320486021375
0.5448999999999563;0.409320486021375
0.5449999999999563;0.409320486021375
0.5450999999999563;0.409320486021375
0.5451999999999563;0.409320486021375
0.5452999999999563;0.409320486021375
0.5453999999999563;0.409320486021375
0.5454999999999562;0.409320486021375
0.5455999999999562;0.409320486021375
0.5456999999999562;0.409320486021375
0.5457999999999562;0.409320486021375
0.5458999999999562;0.409320486021375
0.5459999999999562;0.409320486021375
0.5460999999999562;0.409320486021375
0.5461999999999562;0.409320486021375
0.5462999999999562;0.409320486021375
0.5463999999999561;0.409320486021375
0.5464999999999561;0.409320486021375
0.5465999999999561;0.409320486021375
0.5466999999999561;0.409320486021375
0.5467999999999561;0.409320486021375
0.5468999999999561;0.409320486021375
0.5469999999999561;0.409320486021375
0.5470999999999561;0.409320486021375
0.547199999999956;0.409320486021375
0.547299999999956;0.409320486021375
0.547399999999956;0.409320486021375
0.547499999999956;0.409320486021375
0.547599999999956;0.409320486021375
0.547699999999956;0.409320486021375
0.547799999999956;0.409320486021375
0.547899999999956;0.409320486021375
0.547999999999956;0.409320486021375
0.548099999999956;0.409320486021375
0.548199999999956;0.409320486021375
0.5482999999999559;0.409320486021375
0.5483999999999559;0.409320486021375
0.5484999999999559;0.409320486021375
0.5485999999999559;0.409320486021375
0.5486999999999559;0.409320486021375
0.5487999999999559;0.409320486021375
0.5488999999999559;0.409320486021375
0.5489999999999559;0.409320486021375
0.5490999999999558;0.409320486021375
0.5491999999999558;0.409320486021375
0.5492999999999558;0.409320486021375
0.5493999999999558;0.409320486021375
0.5494999999999558;0.409320486021375
0.5495999999999558;0.409320486021375
0.5496999999999558;0.409320486021375
0.5497999999999558;0.409320486021375
0.5498999999999558;0.409320486021375
0.5499999999999557;0.409320486021375
0.5500999999999557;0.409320486021375
0.5501999999999557;0.409320486021375
0.5502999999999557;0.409320486021375
0.5503999999999557;0.409320486021375
0.5504999999999557;0.409320486021375
0.5505999999999557;0.409320486021375
0.5506999999999557;0.409320486021375
0.5507999999999557;0.409320486021375
0.5508999999999556;0.409320486021375
0.5509999999999556;0.409320486021375
0.5510999999999556;0.409320486021375
0.5511999999999556;0.409320486021375
0.5512999999999556;0.409320486021375
0.5513999999999556;0.409320486021375
0.5514999999999556;0.409320486021375
0.5515999999999556;0.409320486021375
0.5516999999999556;0.409320486021375
0.5517999999999555;0.409320486021375
0.5518999999999555;0.409320486021375
0.5519999999999555;0.409320486021375
0.5520999999999555;0.409320486021375
0.5521999999999555;0.409320486021375
0.5522999999999555;0.409320486021375
0.5523999999999555;0.409320486021375
0.5524999999999555;0.409320486021375
0.5525999999999555;0.409320486021375
0.5526999999999554;0.409320486021375
0.5527999999999554;0.409320486021375
0.5528999999999554;0.409320486021375
0.5529999999999554;0.409320486021375
0.5530999999999554;0.409320486021375
0.5531999999999554;0.409320486021375
0.5532999999999554;0.409320486021375
0.5533999999999554;0.409320486021375
0.5534999999999554;0.409320486021375
0.5535999999999554;0.409320486021375
0.5536999999999553;0.409320486021375
0.5537999999999553;0.409320486021375
0.5538999999999553;0.409320486021375
0.5539999999999553;0.409320486021375
0.5540999999999553;0.409320486021375
0.5541999999999553;0.409320486021375
0.5542999999999553;0.409320486021375
0.5543999999999553;0.409320486021375
0.5544999999999553;0.409320486021375
0.5545999999999552;0.409320486021375
0.5546999999999552;0.409320486021375
0.5547999999999552;0.409320486021375
0.5548999999999552;0.409320486021375
0.5549999999999552;0.409320486021375
0.5550999999999552;0.409320486021375
0.5551999999999552;0.409320486021375
0.5552999999999552;0.409320486021375
0.5553999999999552;0.409320486021375
0.5554999999999551;0.409320486021375
0.5555999999999551;0.409320486021375
0.5556999999999551;0.409320486021375
0.5557999999999551;0.409320486021375
0.5558999999999551;0.409320486021375
0.5559999999999551;0.409320486021375
0.5560999999999551;0.409320486021375
0.5561999999999551;0.409320486021375
0.556299999999955;0.409320486021375
0.556399999999955;0.409320486021375
0.556499999999955;0.409320486021375
0.556599999999955;0.409320486021375
0.556699999999955;0.409320486021375
0.556799999999955;0.409320486021375
0.556899999999955;0.409320486021375
0.556999999999955;0.409320486021375
0.557099999999955;0.409320486021375
0.557199999999955;0.409320486021375
0.5572999999999549;0.409320486021375
0.5573999999999549;0.409320486021375
0.5574999999999549;0.409320486021375
0.5575999999999549;0.409320486021375
0.5576999999999549;0.409320486021375
0.5577999999999549;0.409320486021375
0.5578999999999549;0.409320486021375
0.5579999999999549;0.409320486021375
0.5580999999999549;0.409320486021375
0.5581999999999548;0.409320486021375
0.5582999999999548;0.409320486021375
0.5583999999999548;0.409320486021375
0.5584999999999548;0.409320486021375
0.5585999999999548;0.409320486021375
0.5586999999999548;0.409320486021375
0.5587999999999548;0.409320486021375
0.5588999999999548;0.409320486021375
0.5589999999999548;0.409320486021375
0.5590999999999547;0.409320486021375
0.5591999999999547;0.409320486021375
0.5592999999999547;0.409320486021375
0.5593999999999547;0.409320486021375
0.5594999999999547;0.409320486021375
0.5595999999999547;0.409320486021375
0.5596999999999547;0.409320486021375
0.5597999999999547;0.409320486021375
0.5598999999999547;0.409320486021375
0.5599999999999546;0.409320486021375
0.5600999999999546;0.409320486021375
0.5601999999999546;0.409320486021375
0.5602999999999546;0.409320486021375
0.5603999999999546;0.409320486021375
0.5604999999999546;0.409320486021375
0.5605999999999546;0.409320486021375
0.5606999999999546;0.409320486021375
0.5607999999999546;0.409320486021375
0.5608999999999545;0.409320486021375
0.5609999999999545;0.409320486021375
0.5610999999999545;0.409320486021375
0.5611999999999545;0.409320486021375
0.5612999999999545;0.409320486021375
0.5613999999999545;0.409320486021375
0.5614999999999545;0.409320486021375
0.5615999999999545;0.409320486021375
0.5616999999999545;0.409320486021375
0.5617999999999544;0.409320486021375
0.5618999999999544;0.409320486021375
0.5619999999999544;0.409320486021375
0.5620999999999544;0.409320486021375
0.5621999999999544;0.409320486021375
0.5622999999999544;0.409320486021375
0.5623999999999544;0.409320486021375
0.5624999999999544;0.409320486021375
0.5625999999999544;0.409320486021375
0.5626999999999543;0.409320486021375
0.5627999999999543;0.409320486021375
0.5628999999999543;0.409320486021375
0.5629999999999543;0.409320486021375
0.5630999999999543;0.409320486021375
0.5631999999999543;0.409320486021375
0.5632999999999543;0.409320486021375
0.5633999999999543;0.409320486021375
0.5634999999999543;0.409320486021375
0.5635999999999542;0.409320486021375
0.5636999999999542;0.409320486021375
0.5637999999999542;0.409320486021375
0.5638999999999542;0.409320486021375
0.5639999999999542;0.409320486021375
0.5640999999999542;0.409320486021375
0.5641999999999542;0.409320486021375
0.5642999999999542;0.409320486021375
0.5643999999999542;0.409320486021375
0.5644999999999541;0.409320486021375
0.5645999999999541;0.409320486021375
0.5646999999999541;0.409320486021375
0.5647999999999541;0.409320486021375
0.5648999999999541;0.409320486021375
0.5649999999999541;0.409320486021375
0.5650999999999541;0.409320486021375
0.5651999999999541;0.409320486021375
0.5652999999999541;0.409320486021375
0.565399999999954;0.409320486021375
0.565499999999954;0.409320486021375
0.565599999999954;0.409320486021375
0.565699999999954;0.409320486021375
0.565799999999954;0.409320486021375
0.565899999999954;0.409320486021375
0.565999999999954;0.409320486021375
0.566099999999954;0.409320486021375
0.566199999999954;0.409320486021375
0.566299999999954;0.409320486021375
0.5663999999999539;0.409320486021375
0.5664999999999539;0.409320486021375
0.5665999999999539;0.409320486021375
0.5666999999999539;0.409320486021375
0.5667999999999539;0.409320486021375
0.5668999999999539;0.409320486021375
0.5669999999999539;0.409320486021375
0.5670999999999539;0.409320486021375
0.5671999999999539;0.409320486021375
0.5672999999999538;0.409320486021375
0.5673999999999538;0.409320486021375
0.5674999999999538;0.409320486021375
0.5675999999999538;0.409320486021375
0.5676999999999538;0.409320486021375
0.5677999999999538;0.409320486021375
0.5678999999999538;0.409320486021375
0.5679999999999538;0.409320486021375
0.5680999999999538;0.409320486021375
0.5681999999999537;0.409320486021375
0.5682999999999537;0.409320486021375
0.5683999999999537;0.409320486021375
0.5684999999999537;0.409320486021375
0.5685999999999537;0.409320486021375
0.5686999999999537;0.409320486021375
0.5687999999999537;0.409320486021375
0.5688999999999537;0.409320486021375
0.5689999999999537;0.409320486021375
0.5690999999999536;0.409320486021375
0.5691999999999536;0.409320486021375
0.5692999999999536;0.409320486021375
0.5693999999999536;0.409320486021375
0.5694999999999536;0.409320486021375
0.5695999999999536;0.409320486021375
0.5696999999999536;0.409320486021375
0.5697999999999536;0.409320486021375
0.5698999999999536;0.409320486021375
0.5699999999999535;0.409320486021375
0.5700999999999535;0.409320486021375
0.5701999999999535;0.409320486021375
0.5702999999999535;0.409320486021375
0.5703999999999535;0.409320486021375
0.5704999999999535;0.409320486021375
0.5705999999999535;0.409320486021375
0.5706999999999535;0.409320486021375
0.5707999999999535;0.409320486021375
0.5708999999999534;0.409320486021375
0.5709999999999534;0.409320486021375
0.5710999999999534;0.409320486021375
0.5711999999999534;0.409320486021375
0.5712999999999534;0.409320486021375
0.5713999999999534;0.409320486021375
0.5714999999999534;0.409320486021375
0.5715999999999534;0.409320486021375
0.5716999999999534;0.409320486021375
0.5717999999999533;0.409320486021375
0.5718999999999533;0.409320486021375
0.5719999999999533;0.409320486021375
0.5720999999999533;0.409320486021375
0.5721999999999533;0.409320486021375
0.5722999999999533;0.409320486021375
0.5723999999999533;0.409320486021375
0.5724999999999533;0.409320486021375
0.5725999999999533;0.409320486021375
0.5726999999999532;0.409320486021375
0.5727999999999532;0.409320486021375
0.5728999999999532;0.409320486021375
0.5729999999999532;0.409320486021375
0.5730999999999532;0.409320486021375
0.5731999999999532;0.409320486021375
0.5732999999999532;0.409320486021375
0.5733999999999532;0.409320486021375
0.5734999999999532;0.409320486021375
0.5735999999999531;0.409320486021375
0.5736999999999531;0.409320486021375
0.5737999999999531;0.409320486021375
0.5738999999999531;0.409320486021375
0.5739999999999531;0.409320486021375
0.5740999999999531;0.409320486021375
0.5741999999999531;0.409320486021375
0.5742999999999531;0.409320486021375
0.5743999999999531;0.409320486021375
0.574499999999953;0.409320486021375
0.574599999999953;0.409320486021375
0.574699999999953;0.409320486021375
0.574799999999953;0.409320486021375
0.574899999999953;0.409320486021375
0.574999999999953;0.409320486021375
0.575099999999953;0.409320486021375
0.575199999999953;0.409320486021375
0.575299999999953;0.409320486021375
0.575399999999953;0.409320486021375
0.5754999999999529;0.409320486021375
0.5755999999999529;0.409320486021375
0.5756999999999529;0.409320486021375
0.5757999999999529;0.409320486021375
0.5758999999999529;0.409320486021375
0.5759999999999529;0.409320486021375
0.5760999999999529;0.409320486021375
0.5761999999999529;0.409320486021375
0.5762999999999528;0.409320486021375
0.5763999999999528;0.409320486021375
0.5764999999999528;0.409320486021375
0.5765999999999528;0.409320486021375
0.5766999999999528;0.409320486021375
0.5767999999999528;0.409320486021375
0.5768999999999528;0.409320486021375
0.5769999999999528;0.409320486021375
0.5770999999999528;0.409320486021375
0.5771999999999528;0.409320486021375
0.5772999999999527;0.409320486021375
0.5773999999999527;0.409320486021375
0.5774999999999527;0.409320486021375
0.5775999999999527;0.409320486021375
0.5776999999999527;0.409320486021375
0.5777999999999527;0.409320486021375
0.5778999999999527;0.409320486021375
0.5779999999999527;0.409320486021375
0.5780999999999527;0.409320486021375
0.5781999999999526;0.409320486021375
0.5782999999999526;0.409320486021375
0.5783999999999526;0.409320486021375
0.5784999999999526;0.409320486021375
0.5785999999999526;0.409320486021375
0.5786999999999526;0.409320486021375
0.5787999999999526;0.409320486021375
0.5788999999999526;0.409320486021375
0.5789999999999526;0.409320486021375
0.5790999999999525;0.409320486021375
0.5791999999999525;0.409320486021375
0.5792999999999525;0.409320486021375
0.5793999999999525;0.409320486021375
0.5794999999999525;0.409320486021375
0.5795999999999525;0.409320486021375
0.5796999999999525;0.409320486021375
0.5797999999999525;0.409320486021375
0.5798999999999525;0.409320486021375
0.5799999999999524;0.409320486021375
0.5800999999999524;0.409320486021375
0.5801999999999524;0.409320486021375
0.5802999999999524;0.409320486021375
0.5803999999999524;0.409320486021375
0.5804999999999524;0.409320486021375
0.5805999999999524;0.409320486021375
0.5806999999999524;0.409320486021375
0.5807999999999524;0.409320486021375
0.5808999999999523;0.409320486021375
0.5809999999999523;0.409320486021375
0.5810999999999523;0.409320486021375
0.5811999999999523;0.409320486021375
0.5812999999999523;0.409320486021375
0.5813999999999523;0.409320486021375
0.5814999999999523;0.409320486021375
0.5815999999999523;0.409320486021375
0.5816999999999523;0.409320486021375
0.5817999999999522;0.409320486021375
0.5818999999999522;0.409320486021375
0.5819999999999522;0.409320486021375
0.5820999999999522;0.409320486021375
0.5821999999999522;0.409320486021375
0.5822999999999522;0.409320486021375
0.5823999999999522;0.409320486021375
0.5824999999999522;0.409320486021375
0.5825999999999522;0.409320486021375
0.5826999999999521;0.409320486021375
0.5827999999999521;0.409320486021375
0.5828999999999521;0.409320486021375
0.5829999999999521;0.409320486021375
0.5830999999999521;0.409320486021375
0.5831999999999521;0.409320486021375
0.5832999999999521;0.409320486021375
0.5833999999999521;0.409320486021375
0.5834999999999521;0.409320486021375
0.583599999999952;0.409320486021375
0.583699999999952;0.409320486021375
0.583799999999952;0.409320486021375
0.583899999999952;0.409320486021375
0.583999999999952;0.409320486021375
0.584099999999952;0.409320486021375
0.584199999999952;0.409320486021375
0.584299999999952;0.409320486021375
0.584399999999952;0.409320486021375
0.584499999999952;0.409320486021375
0.5845999999999519;0.409320486021375
0.5846999999999519;0.409320486021375
0.5847999999999519;0.409320486021375
0.5848999999999519;0.409320486021375
0.5849999999999519;0.409320486021375
0.5850999999999519;0.409320486021375
0.5851999999999519;0.409320486021375
0.5852999999999519;0.409320486021375
0.5853999999999518;0.409320486021375
0.5854999999999518;0.409320486021375
0.5855999999999518;0.409320486021375
0.5856999999999518;0.409320486021375
0.5857999999999518;0.409320486021375
0.5858999999999518;0.409320486021375
0.5859999999999518;0.409320486021375
0.5860999999999518;0.409320486021375
0.5861999999999518;0.409320486021375
0.5862999999999517;0.409320486021375
0.5863999999999517;0.409320486021375
0.5864999999999517;0.409320486021375
0.5865999999999517;0.409320486021375
0.5866999999999517;0.409320486021375
0.5867999999999517;0.409320486021375
0.5868999999999517;0.409320486021375
0.5869999999999517;0.409320486021375
0.5870999999999517;0.409320486021375
0.5871999999999516;0.409320486021375
0.5872999999999516;0.409320486021375
0.5873999999999516;0.409320486021375
0.5874999999999516;0.409320486021375
0.5875999999999516;0.409320486021375
0.5876999999999516;0.409320486021375
0.5877999999999516;0.409320486021375
0.5878999999999516;0.409320486021375
0.5879999999999516;0.409320486021375
0.5880999999999516;0.409320486021375
0.5881999999999515;0.409320486021375
0.5882999999999515;0.409320486021375
0.5883999999999515;0.409320486021375
0.5884999999999515;0.409320486021375
0.5885999999999515;0.409320486021375
0.5886999999999515;0.409320486021375
0.5887999999999515;0.409320486021375
0.5888999999999515;0.409320486021375
0.5889999999999515;0.409320486021375
0.5890999999999514;0.409320486021375
0.5891999999999514;0.409320486021375
0.5892999999999514;0.409320486021375
0.5893999999999514;0.409320486021375
0.5894999999999514;0.409320486021375
0.5895999999999514;0.409320486021375
0.5896999999999514;0.409320486021375
0.5897999999999514;0.409320486021375
0.5898999999999514;0.409320486021375
0.5899999999999513;0.409320486021375
0.5900999999999513;0.409320486021375
0.5901999999999513;0.409320486021375
0.5902999999999513;0.409320486021375
0.5903999999999513;0.409320486021375
0.5904999999999513;0.409320486021375
0.5905999999999513;0.409320486021375
0.5906999999999513;0.409320486021375
0.5907999999999513;0.409320486021375
0.5908999999999512;0.409320486021375
0.5909999999999512;0.409320486021375
0.5910999999999512;0.409320486021375
0.5911999999999512;0.409320486021375
0.5912999999999512;0.409320486021375
0.5913999999999512;0.409320486021375
0.5914999999999512;0.409320486021375
0.5915999999999512;0.409320486021375
0.5916999999999512;0.409320486021375
0.5917999999999511;0.409320486021375
0.5918999999999511;0.409320486021375
0.5919999999999511;0.409320486021375
0.5920999999999511;0.409320486021375
0.5921999999999511;0.409320486021375
0.5922999999999511;0.409320486021375
0.5923999999999511;0.409320486021375
0.5924999999999511;0.409320486021375
0.592599999999951;0.409320486021375
0.592699999999951;0.409320486021375
0.592799999999951;0.409320486021375
0.592899999999951;0.409320486021375
0.592999999999951;0.409320486021375
0.593099999999951;0.409320486021375
0.593199999999951;0.409320486021375
0.593299999999951;0.409320486021375
0.593399999999951;0.409320486021375
0.593499999999951;0.409320486021375
0.593599999999951;0.409320486021375
0.5936999999999509;0.409320486021375
0.5937999999999509;0.409320486021375
0.5938999999999509;0.409320486021375
0.5939999999999509;0.409320486021375
0.5940999999999509;0.409320486021375
0.5941999999999509;0.409320486021375
0.5942999999999509;0.409320486021375
0.5943999999999509;0.409320486021375
0.5944999999999508;0.409320486021375
0.5945999999999508;0.409320486021375
0.5946999999999508;0.409320486021375
0.5947999999999508;0.409320486021375
0.5948999999999508;0.409320486021375
0.5949999999999508;0.409320486021375
0.5950999999999508;0.409320486021375
0.5951999999999508;0.409320486021375
0.5952999999999508;0.409320486021375
0.5953999999999507;0.409320486021375
0.5954999999999507;0.409320486021375
0.5955999999999507;0.409320486021375
0.5956999999999507;0.409320486021375
0.5957999999999507;0.409320486021375
0.5958999999999507;0.409320486021375
0.5959999999999507;0.409320486021375
0.5960999999999507;0.409320486021375
0.5961999999999507;0.409320486021375
0.5962999999999506;0.409320486021375
0.5963999999999506;0.409320486021375
0.5964999999999506;0.409320486021375
0.5965999999999506;0.409320486021375
0.5966999999999506;0.409320486021375
0.5967999999999506;0.409320486021375
0.5968999999999506;0.409320486021375
0.5969999999999506;0.409320486021375
0.5970999999999506;0.409320486021375
0.5971999999999505;0.409320486021375
0.5972999999999505;0.409320486021375
0.5973999999999505;0.409320486021375
0.5974999999999505;0.409320486021375
0.5975999999999505;0.409320486021375
0.5976999999999505;0.409320486021375
0.5977999999999505;0.409320486021375
0.5978999999999505;0.409320486021375
0.5979999999999505;0.409320486021375
0.5980999999999504;0.409320486021375
0.5981999999999504;0.409320486021375
0.5982999999999504;0.409320486021375
0.5983999999999504;0.409320486021375
0.5984999999999504;0.409320486021375
0.5985999999999504;0.409320486021375
0.5986999999999504;0.409320486021375
0.5987999999999504;0.409320486021375
0.5988999999999504;0.409320486021375
0.5989999999999503;0.409320486021375
0.5990999999999503;0.409320486021375
0.5991999999999503;0.409320486021375
0.5992999999999503;0.409320486021375
0.5993999999999503;0.409320486021375
0.5994999999999503;0.409320486021375
0.5995999999999503;0.409320486021375
0.5996999999999503;0.409320486021375
0.5997999999999503;0.409320486021375
0.5998999999999503;0.409320486021375
0.5999999999999502;0.409320486021375
0.6000999999999502;0.409320486021375
0.6001999999999502;0.409320486021375
0.6002999999999502;0.409320486021375
0.6003999999999502;0.409320486021375
0.6004999999999502;0.409320486021375
0.6005999999999502;0.409320486021375
0.6006999999999502;0.409320486021375
0.6007999999999502;0.409320486021375
0.6008999999999501;0.409320486021375
0.6009999999999501;0.409320486021375
0.6010999999999501;0.409320486021375
0.6011999999999501;0.409320486021375
0.6012999999999501;0.409320486021375
0.6013999999999501;0.409320486021375
0.6014999999999501;0.409320486021375
0.6015999999999501;0.409320486021375
0.60169999999995;0.409320486021375
0.60179999999995;0.409320486021375
0.60189999999995;0.409320486021375
0.60199999999995;0.409320486021375
0.60209999999995;0.409320486021375
0.60219999999995;0.409320486021375
0.60229999999995;0.409320486021375
0.60239999999995;0.409320486021375
0.60249999999995;0.409320486021375
0.60259999999995;0.409320486021375
0.6026999999999499;0.409320486021375
0.6027999999999499;0.409320486021375
0.6028999999999499;0.409320486021375
0.6029999999999499;0.409320486021375
0.6030999999999499;0.409320486021375
0.6031999999999499;0.409320486021375
0.6032999999999499;0.409320486021375
0.6033999999999499;0.409320486021375
0.6034999999999499;0.409320486021375
0.6035999999999498;0.409320486021375
0.6036999999999498;0.409320486021375
0.6037999999999498;0.409320486021375
0.6038999999999498;0.409320486021375
0.6039999999999498;0.409320486021375
0.6040999999999498;0.409320486021375
0.6041999999999498;0.409320486021375
0.6042999999999498;0.409320486021375
0.6043999999999498;0.409320486021375
0.6044999999999497;0.409320486021375
0.6045999999999497;0.409320486021375
0.6046999999999497;0.409320486021375
0.6047999999999497;0.409320486021375
0.6048999999999497;0.409320486021375
0.6049999999999497;0.409320486021375
0.6050999999999497;0.409320486021375
0.6051999999999497;0.409320486021375
0.6052999999999497;0.409320486021375
0.6053999999999496;0.409320486021375
0.6054999999999496;0.409320486021375
0.6055999999999496;0.409320486021375
0.6056999999999496;0.409320486021375
0.6057999999999496;0.409320486021375
0.6058999999999496;0.409320486021375
0.6059999999999496;0.409320486021375
0.6060999999999496;0.409320486021375
0.6061999999999496;0.409320486021375
0.6062999999999495;0.409320486021375
0.6063999999999495;0.409320486021375
0.6064999999999495;0.409320486021375
0.6065999999999495;0.409320486021375
0.6066999999999495;0.409320486021375
0.6067999999999495;0.409320486021375
0.6068999999999495;0.409320486021375
0.6069999999999495;0.409320486021375
0.6070999999999495;0.409320486021375
0.6071999999999494;0.409320486021375
0.6072999999999494;0.409320486021375
0.6073999999999494;0.409320486021375
0.6074999999999494;0.409320486021375
0.6075999999999494;0.409320486021375
0.6076999999999494;0.409320486021375
0.6077999999999494;0.409320486021375
0.6078999999999494;0.409320486021375
0.6079999999999494;0.409320486021375
0.6080999999999493;0.409320486021375
0.6081999999999493;0.409320486021375
0.6082999999999493;0.409320486021375
0.6083999999999493;0.409320486021375
0.6084999999999493;0.409320486021375
0.6085999999999493;0.409320486021375
0.6086999999999493;0.409320486021375
0.6087999999999493;0.409320486021375
0.6088999999999493;0.409320486021375
0.6089999999999492;0.409320486021375
0.6090999999999492;0.409320486021375
0.6091999999999492;0.409320486021375
0.6092999999999492;0.409320486021375
0.6093999999999492;0.409320486021375
0.6094999999999492;0.409320486021375
0.6095999999999492;0.409320486021375
0.6096999999999492;0.409320486021375
0.6097999999999492;0.409320486021375
0.6098999999999491;0.409320486021375
0.6099999999999491;0.409320486021375
0.6100999999999491;0.409320486021375
0.6101999999999491;0.409320486021375
0.6102999999999491;0.409320486021375
0.6103999999999491;0.409320486021375
0.6104999999999491;0.409320486021375
0.6105999999999491;0.409320486021375
0.6106999999999491;0.409320486021375
0.610799999999949;0.409320486021375
0.610899999999949;0.409320486021375
0.610999999999949;0.409320486021375
0.611099999999949;0.409320486021375
0.611199999999949;0.409320486021375
0.611299999999949;0.409320486021375
0.611399999999949;0.409320486021375
0.611499999999949;0.409320486021375
0.611599999999949;0.409320486021375
0.611699999999949;0.409320486021375
0.6117999999999489;0.409320486021375
0.6118999999999489;0.409320486021375
0.6119999999999489;0.409320486021375
0.6120999999999489;0.409320486021375
0.6121999999999489;0.409320486021375
0.6122999999999489;0.409320486021375
0.6123999999999489;0.409320486021375
0.6124999999999489;0.409320486021375
0.6125999999999489;0.409320486021375
0.6126999999999488;0.409320486021375
0.6127999999999488;0.409320486021375
0.6128999999999488;0.409320486021375
0.6129999999999488;0.409320486021375
0.6130999999999488;0.409320486021375
0.6131999999999488;0.409320486021375
0.6132999999999488;0.409320486021375
0.6133999999999488;0.409320486021375
0.6134999999999488;0.409320486021375
0.6135999999999487;0.409320486021375
0.6136999999999487;0.409320486021375
0.6137999999999487;0.409320486021375
0.6138999999999487;0.409320486021375
0.6139999999999487;0.409320486021375
0.6140999999999487;0.409320486021375
0.6141999999999487;0.409320486021375
0.6142999999999487;0.409320486021375
0.6143999999999487;0.409320486021375
0.6144999999999486;0.409320486021375
0.6145999999999486;0.409320486021375
0.6146999999999486;0.409320486021375
0.6147999999999486;0.409320486021375
0.6148999999999486;0.409320486021375
0.6149999999999486;0.409320486021375
0.6150999999999486;0.409320486021375
0.6151999999999486;0.409320486021375
0.6152999999999486;0.409320486021375
0.6153999999999485;0.409320486021375
0.6154999999999485;0.409320486021375
0.6155999999999485;0.409320486021375
0.6156999999999485;0.409320486021375
0.6157999999999485;0.409320486021375
0.6158999999999485;0.409320486021375
0.6159999999999485;0.409320486021375
0.6160999999999485;0.409320486021375
0.6161999999999485;0.409320486021375
0.6162999999999484;0.409320486021375
0.6163999999999484;0.409320486021375
0.6164999999999484;0.409320486021375
0.6165999999999484;0.409320486021375
0.6166999999999484;0.409320486021375
0.6167999999999484;0.409320486021375
0.6168999999999484;0.409320486021375
0.6169999999999484;0.409320486021375
0.6170999999999484;0.409320486021375
0.6171999999999483;0.409320486021375
0.6172999999999483;0.409320486021375
0.6173999999999483;0.409320486021375
0.6174999999999483;0.409320486021375
0.6175999999999483;0.409320486021375
0.6176999999999483;0.409320486021375
0.6177999999999483;0.409320486021375
0.6178999999999483;0.409320486021375
0.6179999999999483;0.409320486021375
0.6180999999999482;0.409320486021375
0.6181999999999482;0.409320486021375
0.6182999999999482;0.409320486021375
0.6183999999999482;0.409320486021375
0.6184999999999482;0.409320486021375
0.6185999999999482;0.409320486021375
0.6186999999999482;0.409320486021375
0.6187999999999482;0.409320486021375
0.6188999999999482;0.409320486021375
0.6189999999999481;0.409320486021375
0.6190999999999481;0.409320486021375
0.6191999999999481;0.409320486021375
0.6192999999999481;0.409320486021375
0.6193999999999481;0.409320486021375
0.6194999999999481;0.409320486021375
0.6195999999999481;0.409320486021375
0.6196999999999481;0.409320486021375
0.6197999999999481;0.409320486021375
0.619899999999948;0.409320486021375
0.619999999999948;0.409320486021375
0.620099999999948;0.409320486021375
0.620199999999948;0.409320486021375
0.620299999999948;0.409320486021375
0.620399999999948;0.409320486021375
0.620499999999948;0.409320486021375
0.620599999999948;0.409320486021375
0.620699999999948;0.409320486021375
0.620799999999948;0.409320486021375
0.6208999999999479;0.409320486021375
0.6209999999999479;0.409320486021375
0.6210999999999479;0.409320486021375
0.6211999999999479;0.409320486021375
0.6212999999999479;0.409320486021375
0.6213999999999479;0.409320486021375
0.6214999999999479;0.409320486021375
0.6215999999999479;0.409320486021375
0.6216999999999478;0.409320486021375
0.6217999999999478;0.409320486021375
0.6218999999999478;0.409320486021375
0.6219999999999478;0.409320486021375
0.6220999999999478;0.409320486021375
0.6221999999999478;0.409320486021375
0.6222999999999478;0.409320486021375
0.6223999999999478;0.409320486021375
0.6224999999999478;0.409320486021375
0.6225999999999478;0.409320486021375
0.6226999999999477;0.409320486021375
0.6227999999999477;0.409320486021375
0.6228999999999477;0.409320486021375
0.6229999999999477;0.409320486021375
0.6230999999999477;0.409320486021375
0.6231999999999477;0.409320486021375
0.6232999999999477;0.409320486021375
0.6233999999999477;0.409320486021375
0.6234999999999477;0.409320486021375
0.6235999999999476;0.409320486021375
0.6236999999999476;0.409320486021375
0.6237999999999476;0.409320486021375
0.6238999999999476;0.409320486021375
0.6239999999999476;0.409320486021375
0.6240999999999476;0.409320486021375
0.6241999999999476;0.409320486021375
0.6242999999999476;0.409320486021375
0.6243999999999476;0.409320486021375
0.6244999999999475;0.409320486021375
0.6245999999999475;0.409320486021375
0.6246999999999475;0.409320486021375
0.6247999999999475;0.409320486021375
0.6248999999999475;0.409320486021375
0.6249999999999475;0.409320486021375
0.6250999999999475;0.409320486021375
0.6251999999999475;0.409320486021375
0.6252999999999475;0.409320486021375
0.6253999999999474;0.409320486021375
0.6254999999999474;0.409320486021375
0.6255999999999474;0.409320486021375
0.6256999999999474;0.409320486021375
0.6257999999999474;0.409320486021375
0.6258999999999474;0.409320486021375
0.6259999999999474;0.409320486021375
0.6260999999999474;0.409320486021375
0.6261999999999474;0.409320486021375
0.6262999999999473;0.409320486021375
0.6263999999999473;0.409320486021375
0.6264999999999473;0.409320486021375
0.6265999999999473;0.409320486021375
0.6266999999999473;0.409320486021375
0.6267999999999473;0.409320486021375
0.6268999999999473;0.409320486021375
0.6269999999999473;0.409320486021375
0.6270999999999473;0.409320486021375
0.6271999999999472;0.409320486021375
0.6272999999999472;0.409320486021375
0.6273999999999472;0.409320486021375
0.6274999999999472;0.409320486021375
0.6275999999999472;0.409320486021375
0.6276999999999472;0.409320486021375
0.6277999999999472;0.409320486021375
0.6278999999999472;0.409320486021375
0.6279999999999472;0.409320486021375
0.6280999999999471;0.409320486021375
0.6281999999999471;0.409320486021375
0.6282999999999471;0.409320486021375
0.6283999999999471;0.409320486021375
0.6284999999999471;0.409320486021375
0.6285999999999471;0.409320486021375
0.6286999999999471;0.409320486021375
0.6287999999999471;0.409320486021375
0.6288999999999471;0.409320486021375
0.628999999999947;0.409320486021375
0.629099999999947;0.409320486021375
0.629199999999947;0.409320486021375
0.629299999999947;0.409320486021375
0.629399999999947;0.409320486021375
0.629499999999947;0.409320486021375
0.629599999999947;0.409320486021375
0.629699999999947;0.409320486021375
0.629799999999947;0.409320486021375
0.629899999999947;0.409320486021375
0.6299999999999469;0.409320486021375
0.6300999999999469;0.409320486021375
0.6301999999999469;0.409320486021375
0.6302999999999469;0.409320486021375
0.6303999999999469;0.409320486021375
0.6304999999999469;0.409320486021375
0.6305999999999469;0.409320486021375
0.6306999999999469;0.409320486021375
0.6307999999999468;0.409320486021375
0.6308999999999468;0.409320486021375
0.6309999999999468;0.409320486021375
0.6310999999999468;0.409320486021375
0.6311999999999468;0.409320486021375
0.6312999999999468;0.409320486021375
0.6313999999999468;0.409320486021375
0.6314999999999468;0.409320486021375
0.6315999999999468;0.409320486021375
0.6316999999999467;0.409320486021375
0.6317999999999467;0.409320486021375
0.6318999999999467;0.409320486021375
0.6319999999999467;0.409320486021375
0.6320999999999467;0.409320486021375
0.6321999999999467;0.409320486021375
0.6322999999999467;0.409320486021375
0.6323999999999467;0.409320486021375
0.6324999999999467;0.409320486021375
0.6325999999999466;0.409320486021375
0.6326999999999466;0.409320486021375
0.6327999999999466;0.409320486021375
0.6328999999999466;0.409320486021375
0.6329999999999466;0.409320486021375
0.6330999999999466;0.409320486021375
0.6331999999999466;0.409320486021375
0.6332999999999466;0.409320486021375
0.6333999999999466;0.409320486021375
0.6334999999999466;0.409320486021375
0.6335999999999465;0.409320486021375
0.6336999999999465;0.409320486021375
0.6337999999999465;0.409320486021375
0.6338999999999465;0.409320486021375
0.6339999999999465;0.409320486021375
0.6340999999999465;0.409320486021375
0.6341999999999465;0.409320486021375
0.6342999999999465;0.409320486021375
0.6343999999999465;0.409320486021375
0.6344999999999464;0.409320486021375
0.6345999999999464;0.409320486021375
0.6346999999999464;0.409320486021375
0.6347999999999464;0.409320486021375
0.6348999999999464;0.409320486021375
0.6349999999999464;0.409320486021375
0.6350999999999464;0.409320486021375
0.6351999999999464;0.409320486021375
0.6352999999999464;0.409320486021375
0.6353999999999463;0.409320486021375
0.6354999999999463;0.409320486021375
0.6355999999999463;0.409320486021375
0.6356999999999463;0.409320486021375
0.6357999999999463;0.409320486021375
0.6358999999999463;0.409320486021375
0.6359999999999463;0.409320486021375
0.6360999999999463;0.409320486021375
0.6361999999999463;0.409320486021375
0.6362999999999462;0.409320486021375
0.6363999999999462;0.409320486021375
0.6364999999999462;0.409320486021375
0.6365999999999462;0.409320486021375
0.6366999999999462;0.409320486021375
0.6367999999999462;0.409320486021375
0.6368999999999462;0.409320486021375
0.6369999999999462;0.409320486021375
0.6370999999999462;0.409320486021375
0.6371999999999461;0.409320486021375
0.6372999999999461;0.409320486021375
0.6373999999999461;0.409320486021375
0.6374999999999461;0.409320486021375
0.6375999999999461;0.409320486021375
0.6376999999999461;0.409320486021375
0.6377999999999461;0.409320486021375
0.6378999999999461;0.409320486021375
0.637999999999946;0.409320486021375
0.638099999999946;0.409320486021375
0.638199999999946;0.409320486021375
0.638299999999946;0.409320486021375
0.638399999999946;0.409320486021375
0.638499999999946;0.409320486021375
0.638599999999946;0.409320486021375
0.638699999999946;0.409320486021375
0.638799999999946;0.409320486021375
0.638899999999946;0.409320486021375
0.638999999999946;0.409320486021375
0.6390999999999459;0.409320486021375
0.6391999999999459;0.409320486021375
0.6392999999999459;0.409320486021375
0.6393999999999459;0.409320486021375
0.6394999999999459;0.409320486021375
0.6395999999999459;0.409320486021375
0.6396999999999459;0.409320486021375
0.6397999999999459;0.409320486021375
0.6398999999999458;0.409320486021375
0.6399999999999458;0.409320486021375
0.6400999999999458;0.409320486021375
0.6401999999999458;0.409320486021375
0.6402999999999458;0.409320486021375
0.6403999999999458;0.409320486021375
0.6404999999999458;0.409320486021375
0.6405999999999458;0.409320486021375
0.6406999999999458;0.409320486021375
0.6407999999999457;0.409320486021375
0.6408999999999457;0.409320486021375
0.6409999999999457;0.409320486021375
0.6410999999999457;0.409320486021375
0.6411999999999457;0.409320486021375
0.6412999999999457;0.409320486021375
0.6413999999999457;0.409320486021375
0.6414999999999457;0.409320486021375
0.6415999999999457;0.409320486021375
0.6416999999999456;0.409320486021375
0.6417999999999456;0.409320486021375
0.6418999999999456;0.409320486021375
0.6419999999999456;0.409320486021375
0.6420999999999456;0.409320486021375
0.6421999999999456;0.409320486021375
0.6422999999999456;0.409320486021375
0.6423999999999456;0.409320486021375
0.6424999999999456;0.409320486021375
0.6425999999999455;0.409320486021375
0.6426999999999455;0.409320486021375
0.6427999999999455;0.409320486021375
0.6428999999999455;0.409320486021375
0.6429999999999455;0.409320486021375
0.6430999999999455;0.409320486021375
0.6431999999999455;0.409320486021375
0.6432999999999455;0.409320486021375
0.6433999999999455;0.409320486021375
0.6434999999999454;0.409320486021375
0.6435999999999454;0.409320486021375
0.6436999999999454;0.409320486021375
0.6437999999999454;0.409320486021375
0.6438999999999454;0.409320486021375
0.6439999999999454;0.409320486021375
0.6440999999999454;0.409320486021375
0.6441999999999454;0.409320486021375
0.6442999999999454;0.409320486021375
0.6443999999999453;0.409320486021375
0.6444999999999453;0.409320486021375
0.6445999999999453;0.409320486021375
0.6446999999999453;0.409320486021375
0.6447999999999453;0.409320486021375
0.6448999999999453;0.409320486021375
0.6449999999999453;0.409320486021375
0.6450999999999453;0.409320486021375
0.6451999999999453;0.409320486021375
0.6452999999999453;0.409320486021375
0.6453999999999452;0.409320486021375
0.6454999999999452;0.409320486021375
0.6455999999999452;0.409320486021375
0.6456999999999452;0.409320486021375
0.6457999999999452;0.409320486021375
0.6458999999999452;0.409320486021375
0.6459999999999452;0.409320486021375
0.6460999999999452;0.409320486021375
0.6461999999999452;0.409320486021375
0.6462999999999451;0.409320486021375
0.6463999999999451;0.409320486021375
0.6464999999999451;0.409320486021375
0.6465999999999451;0.409320486021375
0.6466999999999451;0.409320486021375
0.6467999999999451;0.409320486021375
0.6468999999999451;0.409320486021375
0.6469999999999451;0.409320486021375
0.647099999999945;0.409320486021375
0.647199999999945;0.409320486021375
0.647299999999945;0.409320486021375
0.647399999999945;0.409320486021375
0.647499999999945;0.409320486021375
0.647599999999945;0.409320486021375
0.647699999999945;0.409320486021375
0.647799999999945;0.409320486021375
0.647899999999945;0.409320486021375
0.647999999999945;0.409320486021375
0.6480999999999449;0.409320486021375
0.6481999999999449;0.409320486021375
0.6482999999999449;0.409320486021375
0.6483999999999449;0.409320486021375
0.6484999999999449;0.409320486021375
0.6485999999999449;0.409320486021375
0.6486999999999449;0.409320486021375
0.6487999999999449;0.409320486021375
0.6488999999999449;0.409320486021375
0.6489999999999448;0.409320486021375
0.6490999999999448;0.409320486021375
0.6491999999999448;0.409320486021375
0.6492999999999448;0.409320486021375
0.6493999999999448;0.409320486021375
0.6494999999999448;0.409320486021375
0.6495999999999448;0.409320486021375
0.6496999999999448;0.409320486021375
0.6497999999999448;0.409320486021375
0.6498999999999447;0.409320486021375
0.6499999999999447;0.409320486021375
0.6500999999999447;0.409320486021375
0.6501999999999447;0.409320486021375
0.6502999999999447;0.409320486021375
0.6503999999999447;0.409320486021375
0.6504999999999447;0.409320486021375
0.6505999999999447;0.409320486021375
0.6506999999999447;0.409320486021375
0.6507999999999446;0.409320486021375
0.6508999999999446;0.409320486021375
0.6509999999999446;0.409320486021375
0.6510999999999446;0.409320486021375
0.6511999999999446;0.409320486021375
0.6512999999999446;0.409320486021375
0.6513999999999446;0.409320486021375
0.6514999999999446;0.409320486021375
0.6515999999999446;0.409320486021375
0.6516999999999445;0.409320486021375
0.6517999999999445;0.409320486021375
0.6518999999999445;0.409320486021375
0.6519999999999445;0.409320486021375
0.6520999999999445;0.409320486021375
0.6521999999999445;0.409320486021375
0.6522999999999445;0.409320486021375
0.6523999999999445;0.409320486021375
0.6524999999999445;0.409320486021375
0.6525999999999444;0.409320486021375
0.6526999999999444;0.409320486021375
0.6527999999999444;0.409320486021375
0.6528999999999444;0.409320486021375
0.6529999999999444;0.409320486021375
0.6530999999999444;0.409320486021375
0.6531999999999444;0.409320486021375
0.6532999999999444;0.409320486021375
0.6533999999999444;0.409320486021375
0.6534999999999443;0.409320486021375
0.6535999999999443;0.409320486021375
0.6536999999999443;0.409320486021375
0.6537999999999443;0.409320486021375
0.6538999999999443;0.409320486021375
0.6539999999999443;0.409320486021375
0.6540999999999443;0.409320486021375
0.6541999999999443;0.409320486021375
0.6542999999999443;0.409320486021375
0.6543999999999442;0.409320486021375
0.6544999999999442;0.409320486021375
0.6545999999999442;0.409320486021375
0.6546999999999442;0.409320486021375
0.6547999999999442;0.409320486021375
0.6548999999999442;0.409320486021375
0.6549999999999442;0.409320486021375
0.6550999999999442;0.409320486021375
0.6551999999999442;0.409320486021375
0.6552999999999441;0.409320486021375
0.6553999999999441;0.409320486021375
0.6554999999999441;0.409320486021375
0.6555999999999441;0.409320486021375
0.6556999999999441;0.409320486021375
0.6557999999999441;0.409320486021375
0.6558999999999441;0.409320486021375
0.6559999999999441;0.409320486021375
0.6560999999999441;0.409320486021375
0.656199999999944;0.409320486021375
0.656299999999944;0.409320486021375
0.656399999999944;0.409320486021375
0.656499999999944;0.409320486021375
0.656599999999944;0.409320486021375
0.656699999999944;0.409320486021375
0.656799999999944;0.409320486021375
0.656899999999944;0.409320486021375
0.656999999999944;0.409320486021375
0.657099999999944;0.409320486021375
0.6571999999999439;0.409320486021375
0.6572999999999439;0.409320486021375
0.6573999999999439;0.409320486021375
0.6574999999999439;0.409320486021375
0.6575999999999439;0.409320486021375
0.6576999999999439;0.409320486021375
0.6577999999999439;0.409320486021375
0.6578999999999439;0.409320486021375
0.6579999999999439;0.409320486021375
0.6580999999999438;0.409320486021375
0.6581999999999438;0.409320486021375
0.6582999999999438;0.409320486021375
0.6583999999999438;0.409320486021375
0.6584999999999438;0.409320486021375
0.6585999999999438;0.409320486021375
0.6586999999999438;0.409320486021375
0.6587999999999438;0.409320486021375
0.6588999999999438;0.409320486021375
0.6589999999999437;0.409320486021375
0.6590999999999437;0.409320486021375
0.6591999999999437;0.409320486021375
0.6592999999999437;0.409320486021375
0.6593999999999437;0.409320486021375
0.6594999999999437;0.409320486021375
0.6595999999999437;0.409320486021375
0.6596999999999437;0.409320486021375
0.6597999999999437;0.409320486021375
0.6598999999999436;0.409320486021375
0.6599999999999436;0.409320486021375
0.6600999999999436;0.409320486021375
0.6601999999999436;0.409320486021375
0.6602999999999436;0.409320486021375
0.6603999999999436;0.409320486021375
0.6604999999999436;0.409320486021375
0.6605999999999436;0.409320486021375
0.6606999999999436;0.409320486021375
0.6607999999999435;0.409320486021375
0.6608999999999435;0.409320486021375
0.6609999999999435;0.409320486021375
0.6610999999999435;0.409320486021375
0.6611999999999435;0.409320486021375
0.6612999999999435;0.409320486021375
0.6613999999999435;0.409320486021375
0.6614999999999435;0.409320486021375
0.6615999999999435;0.409320486021375
0.6616999999999434;0.409320486021375
0.6617999999999434;0.409320486021375
0.6618999999999434;0.409320486021375
0.6619999999999434;0.409320486021375
0.6620999999999434;0.409320486021375
0.6621999999999434;0.409320486021375
0.6622999999999434;0.409320486021375
0.6623999999999434;0.409320486021375
0.6624999999999434;0.409320486021375
0.6625999999999433;0.409320486021375
0.6626999999999433;0.409320486021375
0.6627999999999433;0.409320486021375
0.6628999999999433;0.409320486021375
0.6629999999999433;0.409320486021375
0.6630999999999433;0.409320486021375
0.6631999999999433;0.409320486021375
0.6632999999999433;0.409320486021375
0.6633999999999433;0.409320486021375
0.6634999999999432;0.409320486021375
0.6635999999999432;0.409320486021375
0.6636999999999432;0.409320486021375
0.6637999999999432;0.409320486021375
0.6638999999999432;0.409320486021375
0.6639999999999432;0.409320486021375
0.6640999999999432;0.409320486021375
0.6641999999999432;0.409320486021375
0.6642999999999432;0.409320486021375
0.6643999999999431;0.409320486021375
0.6644999999999431;0.409320486021375
0.6645999999999431;0.409320486021375
0.6646999999999431;0.409320486021375
0.6647999999999431;0.409320486021375
0.6648999999999431;0.409320486021375
0.6649999999999431;0.409320486021375
0.6650999999999431;0.409320486021375
0.6651999999999431;0.409320486021375
0.665299999999943;0.409320486021375
0.665399999999943;0.409320486021375
0.665499999999943;0.409320486021375
0.665599999999943;0.409320486021375
0.665699999999943;0.409320486021375
0.665799999999943;0.409320486021375
0.665899999999943;0.409320486021375
0.665999999999943;0.409320486021375
0.666099999999943;0.409320486021375
0.666199999999943;0.409320486021375
0.6662999999999429;0.409320486021375
0.6663999999999429;0.409320486021375
0.6664999999999429;0.409320486021375
0.6665999999999429;0.409320486021375
0.6666999999999429;0.409320486021375
0.6667999999999429;0.409320486021375
0.6668999999999429;0.409320486021375
0.6669999999999429;0.409320486021375
0.6670999999999428;0.409320486021375
0.6671999999999428;0.409320486021375
0.6672999999999428;0.409320486021375
0.6673999999999428;0.409320486021375
0.6674999999999428;0.409320486021375
0.6675999999999428;0.409320486021375
0.6676999999999428;0.409320486021375
0.6677999999999428;0.409320486021375
0.6678999999999428;0.409320486021375
0.6679999999999428;0.409320486021375
0.6680999999999427;0.409320486021375
0.6681999999999427;0.409320486021375
0.6682999999999427;0.409320486021375
0.6683999999999427;0.409320486021375
0.6684999999999427;0.409320486021375
0.6685999999999427;0.409320486021375
0.6686999999999427;0.409320486021375
0.6687999999999427;0.409320486021375
0.6688999999999427;0.409320486021375
0.6689999999999426;0.409320486021375
0.6690999999999426;0.409320486021375
0.6691999999999426;0.409320486021375
0.6692999999999426;0.409320486021375
0.6693999999999426;0.409320486021375
0.6694999999999426;0.409320486021375
0.6695999999999426;0.409320486021375
0.6696999999999426;0.409320486021375
0.6697999999999426;0.409320486021375
0.6698999999999425;0.409320486021375
0.6699999999999425;0.409320486021375
0.6700999999999425;0.409320486021375
0.6701999999999425;0.409320486021375
0.6702999999999425;0.409320486021375
0.6703999999999425;0.409320486021375
0.6704999999999425;0.409320486021375
0.6705999999999425;0.409320486021375
0.6706999999999425;0.409320486021375
0.6707999999999424;0.409320486021375
0.6708999999999424;0.409320486021375
0.6709999999999424;0.409320486021375
0.6710999999999424;0.409320486021375
0.6711999999999424;0.409320486021375
0.6712999999999424;0.409320486021375
0.6713999999999424;0.409320486021375
0.6714999999999424;0.409320486021375
0.6715999999999424;0.409320486021375
0.6716999999999423;0.409320486021375
0.6717999999999423;0.409320486021375
0.6718999999999423;0.409320486021375
0.6719999999999423;0.409320486021375
0.6720999999999423;0.409320486021375
0.6721999999999423;0.409320486021375
0.6722999999999423;0.409320486021375
0.6723999999999423;0.409320486021375
0.6724999999999423;0.409320486021375
0.6725999999999422;0.409320486021375
0.6726999999999422;0.409320486021375
0.6727999999999422;0.409320486021375
0.6728999999999422;0.409320486021375
0.6729999999999422;0.409320486021375
0.6730999999999422;0.409320486021375
0.6731999999999422;0.409320486021375
0.6732999999999422;0.409320486021375
0.6733999999999422;0.409320486021375
0.6734999999999421;0.409320486021375
0.6735999999999421;0.409320486021375
0.6736999999999421;0.409320486021375
0.6737999999999421;0.409320486021375
0.6738999999999421;0.409320486021375
0.6739999999999421;0.409320486021375
0.6740999999999421;0.409320486021375
0.6741999999999421;0.409320486021375
0.6742999999999421;0.409320486021375
0.674399999999942;0.409320486021375
0.674499999999942;0.409320486021375
0.674599999999942;0.409320486021375
0.674699999999942;0.409320486021375
0.674799999999942;0.409320486021375
0.674899999999942;0.409320486021375
0.674999999999942;0.409320486021375
0.675099999999942;0.409320486021375
0.675199999999942;0.409320486021375
0.675299999999942;0.409320486021375
0.6753999999999419;0.409320486021375
0.6754999999999419;0.409320486021375
0.6755999999999419;0.409320486021375
0.6756999999999419;0.409320486021375
0.6757999999999419;0.409320486021375
0.6758999999999419;0.409320486021375
0.6759999999999419;0.409320486021375
0.6760999999999419;0.409320486021375
0.6761999999999418;0.409320486021375
0.6762999999999418;0.409320486021375
0.6763999999999418;0.409320486021375
0.6764999999999418;0.409320486021375
0.6765999999999418;0.409320486021375
0.6766999999999418;0.409320486021375
0.6767999999999418;0.409320486021375
0.6768999999999418;0.409320486021375
0.6769999999999418;0.409320486021375
0.6770999999999417;0.409320486021375
0.6771999999999417;0.409320486021375
0.6772999999999417;0.409320486021375
0.6773999999999417;0.409320486021375
0.6774999999999417;0.409320486021375
0.6775999999999417;0.409320486021375
0.6776999999999417;0.409320486021375
0.6777999999999417;0.409320486021375
0.6778999999999417;0.409320486021375
0.6779999999999416;0.409320486021375
0.6780999999999416;0.409320486021375
0.6781999999999416;0.409320486021375
0.6782999999999416;0.409320486021375
0.6783999999999416;0.409320486021375
0.6784999999999416;0.409320486021375
0.6785999999999416;0.409320486021375
0.6786999999999416;0.409320486021375
0.6787999999999416;0.409320486021375
0.6788999999999416;0.409320486021375
0.6789999999999415;0.409320486021375
0.6790999999999415;0.409320486021375
0.6791999999999415;0.409320486021375
0.6792999999999415;0.409320486021375
0.6793999999999415;0.409320486021375
0.6794999999999415;0.409320486021375
0.6795999999999415;0.409320486021375
0.6796999999999415;0.409320486021375
0.6797999999999415;0.409320486021375
0.6798999999999414;0.409320486021375
0.6799999999999414;0.409320486021375
0.6800999999999414;0.409320486021375
0.6801999999999414;0.409320486021375
0.6802999999999414;0.409320486021375
0.6803999999999414;0.409320486021375
0.6804999999999414;0.409320486021375
0.6805999999999414;0.409320486021375
0.6806999999999414;0.409320486021375
0.6807999999999413;0.409320486021375
0.6808999999999413;0.409320486021375
0.6809999999999413;0.409320486021375
0.6810999999999413;0.409320486021375
0.6811999999999413;0.409320486021375
0.6812999999999413;0.409320486021375
0.6813999999999413;0.409320486021375
0.6814999999999413;0.409320486021375
0.6815999999999413;0.409320486021375
0.6816999999999412;0.409320486021375
0.6817999999999412;0.409320486021375
0.6818999999999412;0.409320486021375
0.6819999999999412;0.409320486021375
0.6820999999999412;0.409320486021375
0.6821999999999412;0.409320486021375
0.6822999999999412;0.409320486021375
0.6823999999999412;0.409320486021375
0.6824999999999412;0.409320486021375
0.6825999999999411;0.409320486021375
0.6826999999999411;0.409320486021375
0.6827999999999411;0.409320486021375
0.6828999999999411;0.409320486021375
0.6829999999999411;0.409320486021375
0.6830999999999411;0.409320486021375
0.6831999999999411;0.409320486021375
0.6832999999999411;0.409320486021375
0.683399999999941;0.409320486021375
0.683499999999941;0.409320486021375
0.683599999999941;0.409320486021375
0.683699999999941;0.409320486021375
0.683799999999941;0.409320486021375
0.683899999999941;0.409320486021375
0.683999999999941;0.409320486021375
0.684099999999941;0.409320486021375
0.684199999999941;0.409320486021375
0.684299999999941;0.409320486021375
0.6843999999999409;0.409320486021375
0.6844999999999409;0.409320486021375
0.6845999999999409;0.409320486021375
0.6846999999999409;0.409320486021375
0.6847999999999409;0.409320486021375
0.6848999999999409;0.409320486021375
0.6849999999999409;0.409320486021375
0.6850999999999409;0.409320486021375
0.6851999999999409;0.409320486021375
0.6852999999999408;0.409320486021375
0.6853999999999408;0.409320486021375
0.6854999999999408;0.409320486021375
0.6855999999999408;0.409320486021375
0.6856999999999408;0.409320486021375
0.6857999999999408;0.409320486021375
0.6858999999999408;0.409320486021375
0.6859999999999408;0.409320486021375
0.6860999999999408;0.409320486021375
0.6861999999999407;0.409320486021375
0.6862999999999407;0.409320486021375
0.6863999999999407;0.409320486021375
0.6864999999999407;0.409320486021375
0.6865999999999407;0.409320486021375
0.6866999999999407;0.409320486021375
0.6867999999999407;0.409320486021375
0.6868999999999407;0.409320486021375
0.6869999999999407;0.409320486021375
0.6870999999999406;0.409320486021375
0.6871999999999406;0.409320486021375
0.6872999999999406;0.409320486021375
0.6873999999999406;0.409320486021375
0.6874999999999406;0.409320486021375
0.6875999999999406;0.409320486021375
0.6876999999999406;0.409320486021375
0.6877999999999406;0.409320486021375
0.6878999999999406;0.409320486021375
0.6879999999999405;0.409320486021375
0.6880999999999405;0.409320486021375
0.6881999999999405;0.409320486021375
0.6882999999999405;0.409320486021375
0.6883999999999405;0.409320486021375
0.6884999999999405;0.409320486021375
0.6885999999999405;0.409320486021375
0.6886999999999405;0.409320486021375
0.6887999999999405;0.409320486021375
0.6888999999999404;0.409320486021375
0.6889999999999404;0.409320486021375
0.6890999999999404;0.409320486021375
0.6891999999999404;0.409320486021375
0.6892999999999404;0.409320486021375
0.6893999999999404;0.409320486021375
0.6894999999999404;0.409320486021375
0.6895999999999404;0.409320486021375
0.6896999999999404;0.409320486021375
0.6897999999999403;0.409320486021375
0.6898999999999403;0.409320486021375
0.6899999999999403;0.409320486021375
0.6900999999999403;0.409320486021375
0.6901999999999403;0.409320486021375
0.6902999999999403;0.409320486021375
0.6903999999999403;0.409320486021375
0.6904999999999403;0.409320486021375
0.6905999999999403;0.409320486021375
0.6906999999999403;0.409320486021375
0.6907999999999402;0.409320486021375
0.6908999999999402;0.409320486021375
0.6909999999999402;0.409320486021375
0.6910999999999402;0.409320486021375
0.6911999999999402;0.409320486021375
0.6912999999999402;0.409320486021375
0.6913999999999402;0.409320486021375
0.6914999999999402;0.409320486021375
0.6915999999999402;0.409320486021375
0.6916999999999401;0.409320486021375
0.6917999999999401;0.409320486021375
0.6918999999999401;0.409320486021375
0.6919999999999401;0.409320486021375
0.6920999999999401;0.409320486021375
0.6921999999999401;0.409320486021375
0.6922999999999401;0.409320486021375
0.6923999999999401;0.409320486021375
0.69249999999994;0.409320486021375
0.69259999999994;0.409320486021375
0.69269999999994;0.409320486021375
0.69279999999994;0.409320486021375
0.69289999999994;0.409320486021375
0.69299999999994;0.409320486021375
0.69309999999994;0.409320486021375
0.69319999999994;0.409320486021375
0.69329999999994;0.409320486021375
0.69339999999994;0.409320486021375
0.6934999999999399;0.409320486021375
0.6935999999999399;0.409320486021375
0.6936999999999399;0.409320486021375
0.6937999999999399;0.409320486021375
0.6938999999999399;0.409320486021375
0.6939999999999399;0.409320486021375
0.6940999999999399;0.409320486021375
0.6941999999999399;0.409320486021375
0.6942999999999399;0.409320486021375
0.6943999999999398;0.409320486021375
0.6944999999999398;0.409320486021375
0.6945999999999398;0.409320486021375
0.6946999999999398;0.409320486021375
0.6947999999999398;0.409320486021375
0.6948999999999398;0.409320486021375
0.6949999999999398;0.409320486021375
0.6950999999999398;0.409320486021375
0.6951999999999398;0.409320486021375
0.6952999999999397;0.409320486021375
0.6953999999999397;0.409320486021375
0.6954999999999397;0.409320486021375
0.6955999999999397;0.409320486021375
0.6956999999999397;0.409320486021375
0.6957999999999397;0.409320486021375
0.6958999999999397;0.409320486021375
0.6959999999999397;0.409320486021375
0.6960999999999397;0.409320486021375
0.6961999999999396;0.409320486021375
0.6962999999999396;0.409320486021375
0.6963999999999396;0.409320486021375
0.6964999999999396;0.409320486021375
0.6965999999999396;0.409320486021375
0.6966999999999396;0.409320486021375
0.6967999999999396;0.409320486021375
0.6968999999999396;0.409320486021375
0.6969999999999396;0.409320486021375
0.6970999999999395;0.409320486021375
0.6971999999999395;0.409320486021375
0.6972999999999395;0.409320486021375
0.6973999999999395;0.409320486021375
0.6974999999999395;0.409320486021375
0.6975999999999395;0.409320486021375
0.6976999999999395;0.409320486021375
0.6977999999999395;0.409320486021375
0.6978999999999395;0.409320486021375
0.6979999999999394;0.409320486021375
0.6980999999999394;0.409320486021375
0.6981999999999394;0.409320486021375
0.6982999999999394;0.409320486021375
0.6983999999999394;0.409320486021375
0.6984999999999394;0.409320486021375
0.6985999999999394;0.409320486021375
0.6986999999999394;0.409320486021375
0.6987999999999394;0.409320486021375
0.6988999999999393;0.409320486021375
0.6989999999999393;0.409320486021375
0.6990999999999393;0.409320486021375
0.6991999999999393;0.409320486021375
0.6992999999999393;0.409320486021375
0.6993999999999393;0.409320486021375
0.6994999999999393;0.409320486021375
0.6995999999999393;0.409320486021375
0.6996999999999393;0.409320486021375
0.6997999999999392;0.409320486021375
0.6998999999999392;0.409320486021375
0.6999999999999392;0.409320486021375
0.7000999999999392;0.409320486021375
0.7001999999999392;0.409320486021375
0.7002999999999392;0.409320486021375
0.7003999999999392;0.409320486021375
0.7004999999999392;0.409320486021375
0.7005999999999392;0.409320486021375
0.7006999999999391;0.409320486021375
0.7007999999999391;0.409320486021375
0.7008999999999391;0.409320486021375
0.7009999999999391;0.409320486021375
0.7010999999999391;0.409320486021375
0.7011999999999391;0.409320486021375
0.7012999999999391;0.409320486021375
0.7013999999999391;0.409320486021375
0.7014999999999391;0.409320486021375
0.701599999999939;0.409320486021375
0.701699999999939;0.409320486021375
0.701799999999939;0.409320486021375
0.701899999999939;0.409320486021375
0.701999999999939;0.409320486021375
0.702099999999939;0.409320486021375
0.702199999999939;0.409320486021375
0.702299999999939;0.409320486021375
0.702399999999939;0.409320486021375
0.702499999999939;0.409320486021375
0.7025999999999389;0.409320486021375
0.7026999999999389;0.409320486021375
0.7027999999999389;0.409320486021375
0.7028999999999389;0.409320486021375
0.7029999999999389;0.409320486021375
0.7030999999999389;0.409320486021375
0.7031999999999389;0.409320486021375
0.7032999999999389;0.409320486021375
0.7033999999999389;0.409320486021375
0.7034999999999388;0.409320486021375
0.7035999999999388;0.409320486021375
0.7036999999999388;0.409320486021375
0.7037999999999388;0.409320486021375
0.7038999999999388;0.409320486021375
0.7039999999999388;0.409320486021375
0.7040999999999388;0.409320486021375
0.7041999999999388;0.409320486021375
0.7042999999999388;0.409320486021375
0.7043999999999387;0.409320486021375
0.7044999999999387;0.409320486021375
0.7045999999999387;0.409320486021375
0.7046999999999387;0.409320486021375
0.7047999999999387;0.409320486021375
0.7048999999999387;0.409320486021375
0.7049999999999387;0.409320486021375
0.7050999999999387;0.409320486021375
0.7051999999999387;0.409320486021375
0.7052999999999386;0.409320486021375
0.7053999999999386;0.409320486021375
0.7054999999999386;0.409320486021375
0.7055999999999386;0.409320486021375
0.7056999999999386;0.409320486021375
0.7057999999999386;0.409320486021375
0.7058999999999386;0.409320486021375
0.7059999999999386;0.409320486021375
0.7060999999999386;0.409320486021375
0.7061999999999385;0.409320486021375
0.7062999999999385;0.409320486021375
0.7063999999999385;0.409320486021375
0.7064999999999385;0.409320486021375
0.7065999999999385;0.409320486021375
0.7066999999999385;0.409320486021375
0.7067999999999385;0.409320486021375
0.7068999999999385;0.409320486021375
0.7069999999999385;0.409320486021375
0.7070999999999384;0.409320486021375
0.7071999999999384;0.409320486021375
0.7072999999999384;0.409320486021375
0.7073999999999384;0.409320486021375
0.7074999999999384;0.409320486021375
0.7075999999999384;0.409320486021375
0.7076999999999384;0.409320486021375
0.7077999999999384;0.409320486021375
0.7078999999999384;0.409320486021375
0.7079999999999383;0.409320486021375
0.7080999999999383;0.409320486021375
0.7081999999999383;0.409320486021375
0.7082999999999383;0.409320486021375
0.7083999999999383;0.409320486021375
0.7084999999999383;0.409320486021375
0.7085999999999383;0.409320486021375
0.7086999999999383;0.409320486021375
0.7087999999999383;0.409320486021375
0.7088999999999382;0.409320486021375
0.7089999999999382;0.409320486021375
0.7090999999999382;0.409320486021375
0.7091999999999382;0.409320486021375
0.7092999999999382;0.409320486021375
0.7093999999999382;0.409320486021375
0.7094999999999382;0.409320486021375
0.7095999999999382;0.409320486021375
0.7096999999999382;0.409320486021375
0.7097999999999381;0.409320486021375
0.7098999999999381;0.409320486021375
0.7099999999999381;0.409320486021375
0.7100999999999381;0.409320486021375
0.7101999999999381;0.409320486021375
0.7102999999999381;0.409320486021375
0.7103999999999381;0.409320486021375
0.7104999999999381;0.409320486021375
0.7105999999999381;0.409320486021375
0.710699999999938;0.409320486021375
0.710799999999938;0.409320486021375
0.710899999999938;0.409320486021375
0.710999999999938;0.409320486021375
0.711099999999938;0.409320486021375
0.711199999999938;0.409320486021375
0.711299999999938;0.409320486021375
0.711399999999938;0.409320486021375
0.711499999999938;0.409320486021375
0.711599999999938;0.409320486021375
0.7116999999999379;0.409320486021375
0.7117999999999379;0.409320486021375
0.7118999999999379;0.409320486021375
0.7119999999999379;0.409320486021375
0.7120999999999379;0.409320486021375
0.7121999999999379;0.409320486021375
0.7122999999999379;0.409320486021375
0.7123999999999379;0.409320486021375
0.7124999999999378;0.409320486021375
0.7125999999999378;0.409320486021375
0.7126999999999378;0.409320486021375
0.7127999999999378;0.409320486021375
0.7128999999999378;0.409320486021375
0.7129999999999378;0.409320486021375
0.7130999999999378;0.409320486021375
0.7131999999999378;0.409320486021375
0.7132999999999378;0.409320486021375
0.7133999999999378;0.409320486021375
0.7134999999999377;0.409320486021375
0.7135999999999377;0.409320486021375
0.7136999999999377;0.409320486021375
0.7137999999999377;0.409320486021375
0.7138999999999377;0.409320486021375
0.7139999999999377;0.409320486021375
0.7140999999999377;0.409320486021375
0.7141999999999377;0.409320486021375
0.7142999999999377;0.409320486021375
0.7143999999999376;0.409320486021375
0.7144999999999376;0.409320486021375
0.7145999999999376;0.409320486021375
0.7146999999999376;0.409320486021375
0.7147999999999376;0.409320486021375
0.7148999999999376;0.409320486021375
0.7149999999999376;0.409320486021375
0.7150999999999376;0.409320486021375
0.7151999999999376;0.409320486021375
0.7152999999999375;0.409320486021375
0.7153999999999375;0.409320486021375
0.7154999999999375;0.409320486021375
0.7155999999999375;0.409320486021375
0.7156999999999375;0.409320486021375
0.7157999999999375;0.409320486021375
0.7158999999999375;0.409320486021375
0.7159999999999375;0.409320486021375
0.7160999999999375;0.409320486021375
0.7161999999999374;0.409320486021375
0.7162999999999374;0.409320486021375
0.7163999999999374;0.409320486021375
0.7164999999999374;0.409320486021375
0.7165999999999374;0.409320486021375
0.7166999999999374;0.409320486021375
0.7167999999999374;0.409320486021375
0.7168999999999374;0.409320486021375
0.7169999999999374;0.409320486021375
0.7170999999999373;0.409320486021375
0.7171999999999373;0.409320486021375
0.7172999999999373;0.409320486021375
0.7173999999999373;0.409320486021375
0.7174999999999373;0.409320486021375
0.7175999999999373;0.409320486021375
0.7176999999999373;0.409320486021375
0.7177999999999373;0.409320486021375
0.7178999999999373;0.409320486021375
0.7179999999999372;0.409320486021375
0.7180999999999372;0.409320486021375
0.7181999999999372;0.409320486021375
0.7182999999999372;0.409320486021375
0.7183999999999372;0.409320486021375
0.7184999999999372;0.409320486021375
0.7185999999999372;0.409320486021375
0.7186999999999372;0.409320486021375
0.7187999999999372;0.409320486021375
0.7188999999999371;0.409320486021375
0.7189999999999371;0.409320486021375
0.7190999999999371;0.409320486021375
0.7191999999999371;0.409320486021375
0.7192999999999371;0.409320486021375
0.7193999999999371;0.409320486021375
0.7194999999999371;0.409320486021375
0.7195999999999371;0.409320486021375
0.7196999999999371;0.409320486021375
0.719799999999937;0.409320486021375
0.719899999999937;0.409320486021375
0.719999999999937;0.409320486021375
0.720099999999937;0.409320486021375
0.720199999999937;0.409320486021375
0.720299999999937;0.409320486021375
0.720399999999937;0.409320486021375
0.720499999999937;0.409320486021375
0.720599999999937;0.409320486021375
0.720699999999937;0.409320486021375
0.7207999999999369;0.409320486021375
0.7208999999999369;0.409320486021375
0.7209999999999369;0.409320486021375
0.7210999999999369;0.409320486021375
0.7211999999999369;0.409320486021375
0.7212999999999369;0.409320486021375
0.7213999999999369;0.409320486021375
0.7214999999999369;0.409320486021375
0.7215999999999368;0.409320486021375
0.7216999999999368;0.409320486021375
0.7217999999999368;0.409320486021375
0.7218999999999368;0.409320486021375
0.7219999999999368;0.409320486021375
0.7220999999999368;0.409320486021375
0.7221999999999368;0.409320486021375
0.7222999999999368;0.409320486021375
0.7223999999999368;0.409320486021375
0.7224999999999367;0.409320486021375
0.7225999999999367;0.409320486021375
0.7226999999999367;0.409320486021375
0.7227999999999367;0.409320486021375
0.7228999999999367;0.409320486021375
0.7229999999999367;0.409320486021375
0.7230999999999367;0.409320486021375
0.7231999999999367;0.409320486021375
0.7232999999999367;0.409320486021375
0.7233999999999366;0.409320486021375
0.7234999999999366;0.409320486021375
0.7235999999999366;0.409320486021375
0.7236999999999366;0.409320486021375
0.7237999999999366;0.409320486021375
0.7238999999999366;0.409320486021375
0.7239999999999366;0.409320486021375
0.7240999999999366;0.409320486021375
0.7241999999999366;0.409320486021375
0.7242999999999366;0.409320486021375
0.7243999999999365;0.409320486021375
0.7244999999999365;0.409320486021375
0.7245999999999365;0.409320486021375
0.7246999999999365;0.409320486021375
0.7247999999999365;0.409320486021375
0.7248999999999365;0.409320486021375
0.7249999999999365;0.409320486021375
0.7250999999999365;0.409320486021375
0.7251999999999365;0.409320486021375
0.7252999999999364;0.409320486021375
0.7253999999999364;0.409320486021375
0.7254999999999364;0.409320486021375
0.7255999999999364;0.409320486021375
0.7256999999999364;0.409320486021375
0.7257999999999364;0.409320486021375
0.7258999999999364;0.409320486021375
0.7259999999999364;0.409320486021375
0.7260999999999364;0.409320486021375
0.7261999999999363;0.409320486021375
0.7262999999999363;0.409320486021375
0.7263999999999363;0.409320486021375
0.7264999999999363;0.409320486021375
0.7265999999999363;0.409320486021375
0.7266999999999363;0.409320486021375
0.7267999999999363;0.409320486021375
0.7268999999999363;0.409320486021375
0.7269999999999363;0.409320486021375
0.7270999999999362;0.409320486021375
0.7271999999999362;0.409320486021375
0.7272999999999362;0.409320486021375
0.7273999999999362;0.409320486021375
0.7274999999999362;0.409320486021375
0.7275999999999362;0.409320486021375
0.7276999999999362;0.409320486021375
0.7277999999999362;0.409320486021375
0.7278999999999362;0.409320486021375
0.7279999999999361;0.409320486021375
0.7280999999999361;0.409320486021375
0.7281999999999361;0.409320486021375
0.7282999999999361;0.409320486021375
0.7283999999999361;0.409320486021375
0.7284999999999361;0.409320486021375
0.7285999999999361;0.409320486021375
0.7286999999999361;0.409320486021375
0.728799999999936;0.409320486021375
0.728899999999936;0.409320486021375
0.728999999999936;0.409320486021375
0.729099999999936;0.409320486021375
0.729199999999936;0.409320486021375
0.729299999999936;0.409320486021375
0.729399999999936;0.409320486021375
0.729499999999936;0.409320486021375
0.729599999999936;0.409320486021375
0.729699999999936;0.409320486021375
0.7297999999999359;0.409320486021375
0.7298999999999359;0.409320486021375
0.7299999999999359;0.409320486021375
0.7300999999999359;0.409320486021375
0.7301999999999359;0.409320486021375
0.7302999999999359;0.409320486021375
0.7303999999999359;0.409320486021375
0.7304999999999359;0.409320486021375
0.7305999999999359;0.40932048602137494
0.7306999999999358;0.40932048602137494
0.7307999999999358;0.40932048602137494
0.7308999999999358;0.40932048602137494
0.7309999999999358;0.40932048602137494
0.7310999999999358;0.40932048602137494
0.7311999999999358;0.40932048602137494
0.7312999999999358;0.40932048602137494
0.7313999999999358;0.40932048602137494
0.7314999999999358;0.40932048602137494
0.7315999999999357;0.40932048602137494
0.7316999999999357;0.40932048602137494
0.7317999999999357;0.40932048602137494
0.7318999999999357;0.40932048602137494
0.7319999999999357;0.40932048602137494
0.7320999999999357;0.40932048602137494
0.7321999999999357;0.40932048602137494
0.7322999999999357;0.40932048602137494
0.7323999999999357;0.40932048602137494
0.7324999999999356;0.40932048602137494
0.7325999999999356;0.40932048602137494
0.7326999999999356;0.40932048602137494
0.7327999999999356;0.40932048602137494
0.7328999999999356;0.40932048602137494
0.7329999999999356;0.40932048602137494
0.7330999999999356;0.40932048602137494
0.7331999999999356;0.40932048602137494
0.7332999999999356;0.40932048602137494
0.7333999999999355;0.40932048602137494
0.7334999999999355;0.40932048602137494
0.7335999999999355;0.40932048602137494
0.7336999999999355;0.40932048602137494
0.7337999999999355;0.40932048602137494
0.7338999999999355;0.40932048602137494
0.7339999999999355;0.40932048602137494
0.7340999999999355;0.40932048602137494
0.7341999999999355;0.40932048602137494
0.7342999999999354;0.40932048602137494
0.7343999999999354;0.40932048602137494
0.7344999999999354;0.40932048602137494
0.7345999999999354;0.40932048602137494
0.7346999999999354;0.4093204860213749
0.7347999999999354;0.4093204860213749
0.7348999999999354;0.4093204860213749
0.7349999999999354;0.4093204860213749
0.7350999999999354;0.4093204860213749
0.7351999999999353;0.4093204860213749
0.7352999999999353;0.4093204860213749
0.7353999999999353;0.4093204860213749
0.7354999999999353;0.4093204860213749
0.7355999999999353;0.4093204860213749
0.7356999999999353;0.4093204860213749
0.7357999999999353;0.4093204860213749
0.7358999999999353;0.4093204860213749
0.7359999999999353;0.4093204860213749
0.7360999999999353;0.4093204860213749
0.7361999999999352;0.4093204860213749
0.7362999999999352;0.4093204860213749
0.7363999999999352;0.4093204860213749
0.7364999999999352;0.4093204860213749
0.7365999999999352;0.40932048602137483
0.7366999999999352;0.40932048602137483
0.7367999999999352;0.40932048602137483
0.7368999999999352;0.40932048602137483
0.7369999999999352;0.40932048602137483
0.7370999999999351;0.40932048602137483
0.7371999999999351;0.40932048602137483
0.7372999999999351;0.40932048602137483
0.7373999999999351;0.40932048602137483
0.7374999999999351;0.40932048602137483
0.7375999999999351;0.40932048602137483
0.7376999999999351;0.40932048602137483
0.7377999999999351;0.4093204860213748
0.737899999999935;0.4093204860213748
0.737999999999935;0.4093204860213748
0.738099999999935;0.4093204860213748
0.738199999999935;0.4093204860213748
0.738299999999935;0.4093204860213748
0.738399999999935;0.4093204860213748
0.738499999999935;0.4093204860213748
0.738599999999935;0.4093204860213748
0.738699999999935;0.4093204860213748
0.738799999999935;0.4093204860213747
0.7388999999999349;0.4093204860213747
0.7389999999999349;0.4093204860213747
0.7390999999999349;0.4093204860213747
0.7391999999999349;0.4093204860213747
0.7392999999999349;0.4093204860213747
0.7393999999999349;0.4093204860213747
0.7394999999999349;0.40932048602137466
0.7395999999999349;0.40932048602137466
0.7396999999999349;0.40932048602137466
0.7397999999999348;0.40932048602137466
0.7398999999999348;0.40932048602137466
0.7399999999999348;0.40932048602137466
0.7400999999999348;0.40932048602137466
0.7401999999999348;0.4093204860213746
0.7402999999999348;0.4093204860213746
0.7403999999999348;0.4093204860213746
0.7404999999999348;0.4093204860213746
0.7405999999999348;0.4093204860213746
0.7406999999999347;0.40932048602137455
0.7407999999999347;0.40932048602137455
0.7408999999999347;0.40932048602137455
0.7409999999999347;0.40932048602137455
0.7410999999999347;0.40932048602137455
0.7411999999999347;0.4093204860213745
0.7412999999999347;0.4093204860213745
0.7413999999999347;0.4093204860213745
0.7414999999999347;0.4093204860213745
0.7415999999999346;0.40932048602137444
0.7416999999999346;0.40932048602137444
0.7417999999999346;0.40932048602137444
0.7418999999999346;0.40932048602137444
0.7419999999999346;0.4093204860213744
0.7420999999999346;0.4093204860213744
0.7421999999999346;0.4093204860213744
0.7422999999999346;0.40932048602137433
0.7423999999999346;0.40932048602137433
0.7424999999999345;0.40932048602137433
0.7425999999999345;0.4093204860213743
0.7426999999999345;0.4093204860213743
0.7427999999999345;0.4093204860213743
0.7428999999999345;0.4093204860213742
0.7429999999999345;0.4093204860213742
0.7430999999999345;0.4093204860213742
0.7431999999999345;0.40932048602137416
0.7432999999999345;0.40932048602137416
0.7433999999999344;0.40932048602137416
0.7434999999999344;0.4093204860213741
0.7435999999999344;0.4093204860213741
0.7436999999999344;0.40932048602137405
0.7437999999999344;0.40932048602137405
0.7438999999999344;0.409320486021374
0.7439999999999344;0.409320486021374
0.7440999999999344;0.40932048602137394
0.7441999999999344;0.40932048602137394
0.7442999999999343;0.4093204860213739
0.7443999999999343;0.4093204860213739
0.7444999999999343;0.40932048602137383
0.7445999999999343;0.40932048602137383
0.7446999999999343;0.4093204860213738
0.7447999999999343;0.4093204860213738
0.7448999999999343;0.4093204860213737
0.7449999999999343;0.4093204860213737
0.7450999999999343;0.40932048602137366
0.7451999999999342;0.4093204860213736
0.7452999999999342;0.4093204860213736
0.7453999999999342;0.40932048602137355
0.7454999999999342;0.4093204860213735
0.7455999999999342;0.4093204860213735
0.7456999999999342;0.40932048602137344
0.7457999999999342;0.4093204860213734
0.7458999999999342;0.40932048602137333
0.7459999999999342;0.40932048602137333
0.7460999999999341;0.4093204860213733
0.7461999999999341;0.4093204860213732
0.7462999999999341;0.40932048602137316
0.7463999999999341;0.4093204860213731
0.7464999999999341;0.40932048602137305
0.7465999999999341;0.40932048602137305
0.7466999999999341;0.409320486021373
0.7467999999999341;0.40932048602137294
0.7468999999999341;0.4093204860213729
0.746999999999934;0.40932048602137283
0.747099999999934;0.4093204860213728
0.747199999999934;0.4093204860213727
0.747299999999934;0.40932048602137266
0.747399999999934;0.40932048602137255
0.747499999999934;0.4093204860213725
0.747599999999934;0.40932048602137244
0.747699999999934;0.4093204860213724
0.747799999999934;0.40932048602137233
0.747899999999934;0.4093204860213723
0.7479999999999339;0.40932048602137217
0.7480999999999339;0.4093204860213721
0.7481999999999339;0.40932048602137205
0.7482999999999339;0.40932048602137194
0.7483999999999339;0.4093204860213719
0.7484999999999339;0.4093204860213718
0.7485999999999339;0.4093204860213717
0.7486999999999339;0.4093204860213716
0.7487999999999339;0.40932048602137155
0.7488999999999338;0.40932048602137144
0.7489999999999338;0.40932048602137133
0.7490999999999338;0.4093204860213713
0.7491999999999338;0.40932048602137117
0.7492999999999338;0.40932048602137105
0.7493999999999338;0.40932048602137094
0.7494999999999338;0.40932048602137083
0.7495999999999338;0.4093204860213708
0.7496999999999338;0.40932048602137067
0.7497999999999337;0.40932048602137056
0.7498999999999337;0.4093204860213704
0.7499999999999337;0.4093204860213703
0.7500999999999337;0.40932048602137017
0.7501999999999337;0.40932048602137006
0.7502999999999337;0.40932048602136994
0.7503999999999337;0.4093204860213698
0.7504999999999337;0.40932048602136967
0.7505999999999337;0.4093204860213695
0.7506999999999336;0.4093204860213694
0.7507999999999336;0.4093204860213692
0.7508999999999336;0.4093204860213691
0.7509999999999336;0.40932048602136895
0.7510999999999336;0.4093204860213688
0.7511999999999336;0.4093204860213686
0.7512999999999336;0.40932048602136845
0.7513999999999336;0.4093204860213683
0.7514999999999336;0.4093204860213681
0.7515999999999335;0.40932048602136795
0.7516999999999335;0.4093204860213678
0.7517999999999335;0.40932048602136756
0.7518999999999335;0.4093204860213674
0.7519999999999335;0.40932048602136717
0.7520999999999335;0.409320486021367
0.7521999999999335;0.4093204860213668
0.7522999999999335;0.40932048602136656
0.7523999999999335;0.4093204860213664
0.7524999999999334;0.40932048602136617
0.7525999999999334;0.4093204860213659
0.7526999999999334;0.40932048602136567
0.7527999999999334;0.40932048602136545
0.7528999999999334;0.4093204860213652
0.7529999999999334;0.40932048602136495
0.7530999999999334;0.4093204860213647
0.7531999999999334;0.40932048602136445
0.7532999999999334;0.40932048602136417
0.7533999999999333;0.4093204860213639
0.7534999999999333;0.4093204860213636
0.7535999999999333;0.40932048602136334
0.7536999999999333;0.409320486021363
0.7537999999999333;0.40932048602136273
0.7538999999999333;0.4093204860213624
0.7539999999999333;0.4093204860213621
0.7540999999999333;0.4093204860213618
0.7541999999999333;0.40932048602136145
0.7542999999999332;0.40932048602136106
0.7543999999999332;0.40932048602136073
0.7544999999999332;0.4093204860213604
0.7545999999999332;0.40932048602136
0.7546999999999332;0.4093204860213596
0.7547999999999332;0.40932048602135923
0.7548999999999332;0.40932048602135884
0.7549999999999332;0.40932048602135845
0.7550999999999332;0.409320486021358
0.7551999999999331;0.40932048602135757
0.7552999999999331;0.4093204860213571
0.7553999999999331;0.4093204860213567
0.7554999999999331;0.40932048602135623
0.7555999999999331;0.40932048602135573
0.7556999999999331;0.4093204860213553
0.7557999999999331;0.4093204860213548
0.7558999999999331;0.4093204860213543
0.7559999999999331;0.40932048602135374
0.756099999999933;0.40932048602135324
0.756199999999933;0.4093204860213527
0.756299999999933;0.4093204860213521
0.756399999999933;0.4093204860213515
0.756499999999933;0.40932048602135096
0.756599999999933;0.40932048602135035
0.756699999999933;0.40932048602134974
0.756799999999933;0.4093204860213491
0.756899999999933;0.40932048602134846
0.756999999999933;0.4093204860213478
0.7570999999999329;0.4093204860213471
0.7571999999999329;0.4093204860213464
0.7572999999999329;0.4093204860213457
0.7573999999999329;0.40932048602134496
0.7574999999999329;0.4093204860213442
0.7575999999999329;0.4093204860213434
0.7576999999999329;0.40932048602134263
0.7577999999999329;0.4093204860213418
0.7578999999999328;0.40932048602134097
0.7579999999999328;0.40932048602134014
0.7580999999999328;0.4093204860213393
0.7581999999999328;0.4093204860213384
0.7582999999999328;0.40932048602133747
0.7583999999999328;0.4093204860213365
0.7584999999999328;0.4093204860213356
0.7585999999999328;0.4093204860213346
0.7586999999999328;0.4093204860213336
0.7587999999999328;0.4093204860213326
0.7588999999999327;0.40932048602133153
0.7589999999999327;0.4093204860213304
0.7590999999999327;0.4093204860213293
0.7591999999999327;0.4093204860213282
0.7592999999999327;0.40932048602132703
0.7593999999999327;0.4093204860213258
0.7594999999999327;0.40932048602132465
0.7595999999999327;0.40932048602132337
0.7596999999999327;0.4093204860213221
0.7597999999999326;0.40932048602132076
0.7598999999999326;0.40932048602131943
0.7599999999999326;0.40932048602131804
0.7600999999999326;0.40932048602131665
0.7601999999999326;0.4093204860213152
0.7602999999999326;0.40932048602131377
0.7603999999999326;0.4093204860213122
0.7604999999999326;0.40932048602131066
0.7605999999999326;0.4093204860213091
0.7606999999999325;0.40932048602130744
0.7607999999999325;0.4093204860213058
0.7608999999999325;0.4093204860213041
0.7609999999999325;0.40932048602130233
0.7610999999999325;0.40932048602130056
0.7611999999999325;0.4093204860212987
0.7612999999999325;0.40932048602129684
0.7613999999999325;0.40932048602129495
0.7614999999999325;0.40932048602129295
0.7615999999999324;0.40932048602129095
0.7616999999999324;0.4093204860212889
0.7617999999999324;0.4093204860212868
0.7618999999999324;0.4093204860212846
0.7619999999999324;0.4093204860212824
0.7620999999999324;0.4093204860212801
0.7621999999999324;0.4093204860212778
0.7622999999999324;0.4093204860212754
0.7623999999999324;0.40932048602127297
0.7624999999999323;0.40932048602127047
0.7625999999999323;0.4093204860212679
0.7626999999999323;0.4093204860212653
0.7627999999999323;0.4093204860212626
0.7628999999999323;0.40932048602125987
0.7629999999999323;0.40932048602125704
0.7630999999999323;0.40932048602125415
0.7631999999999323;0.4093204860212512
0.7632999999999323;0.4093204860212482
0.7633999999999322;0.4093204860212451
0.7634999999999322;0.40932048602124194
0.7635999999999322;0.4093204860212387
0.7636999999999322;0.4093204860212354
0.7637999999999322;0.409320486021232
0.7638999999999322;0.4093204860212285
0.7639999999999322;0.40932048602122495
0.7640999999999322;0.4093204860212213
0.7641999999999322;0.40932048602121757
0.7642999999999321;0.40932048602121374
0.7643999999999321;0.4093204860212098
0.7644999999999321;0.4093204860212058
0.7645999999999321;0.4093204860212017
0.7646999999999321;0.40932048602119747
0.7647999999999321;0.4093204860211932
0.7648999999999321;0.4093204860211888
0.7649999999999321;0.40932048602118426
0.7650999999999321;0.40932048602117965
0.765199999999932;0.40932048602117493
0.765299999999932;0.4093204860211701
0.765399999999932;0.40932048602116516
0.765499999999932;0.40932048602116006
0.765599999999932;0.4093204860211549
0.765699999999932;0.40932048602114957
0.765799999999932;0.4093204860211441
0.765899999999932;0.4093204860211386
0.765999999999932;0.40932048602113286
0.766099999999932;0.40932048602112703
0.7661999999999319;0.40932048602112103
0.7662999999999319;0.4093204860211149
0.7663999999999319;0.40932048602110865
0.7664999999999319;0.40932048602110227
0.7665999999999319;0.40932048602109566
0.7666999999999319;0.409320486021089
0.7667999999999319;0.4093204860210821
0.7668999999999319;0.40932048602107507
0.7669999999999318;0.40932048602106785
0.7670999999999318;0.40932048602106047
0.7671999999999318;0.4093204860210529
0.7672999999999318;0.4093204860210452
0.7673999999999318;0.4093204860210373
0.7674999999999318;0.4093204860210292
0.7675999999999318;0.40932048602102095
0.7676999999999318;0.40932048602101245
0.7677999999999318;0.4093204860210038
0.7678999999999317;0.4093204860209949
0.7679999999999317;0.40932048602098586
0.7680999999999317;0.40932048602097654
0.7681999999999317;0.40932048602096704
0.7682999999999317;0.4093204860209573
0.7683999999999317;0.4093204860209473
0.7684999999999317;0.4093204860209371
0.7685999999999317;0.4093204860209267
0.7686999999999317;0.409320486020916
0.7687999999999316;0.40932048602090504
0.7688999999999316;0.4093204860208939
0.7689999999999316;0.4093204860208824
0.7690999999999316;0.4093204860208707
0.7691999999999316;0.4093204860208587
0.7692999999999316;0.4093204860208464
0.7693999999999316;0.4093204860208339
0.7694999999999316;0.409320486020821
0.7695999999999316;0.40932048602080784
0.7696999999999316;0.4093204860207944
0.7697999999999315;0.40932048602078064
0.7698999999999315;0.40932048602076654
0.7699999999999315;0.4093204860207521
0.7700999999999315;0.40932048602073734
0.7701999999999315;0.40932048602072224
0.7702999999999315;0.4093204860207068
0.7703999999999315;0.409320486020691
0.7704999999999315;0.40932048602067483
0.7705999999999315;0.4093204860206583
0.7706999999999314;0.40932048602064136
0.7707999999999314;0.40932048602062404
0.7708999999999314;0.4093204860206063
0.7709999999999314;0.4093204860205882
0.7710999999999314;0.4093204860205696
0.7711999999999314;0.4093204860205506
0.7712999999999314;0.40932048602053117
0.7713999999999314;0.4093204860205113
0.7714999999999314;0.409320486020491
0.7715999999999313;0.40932048602047016
0.7716999999999313;0.4093204860204489
0.7717999999999313;0.40932048602042714
0.7718999999999313;0.40932048602040483
0.7719999999999313;0.40932048602038207
0.7720999999999313;0.40932048602035875
0.7721999999999313;0.4093204860203349
0.7722999999999313;0.4093204860203105
0.7723999999999313;0.40932048602028553
0.7724999999999312;0.40932048602026
0.7725999999999312;0.4093204860202339
0.7726999999999312;0.40932048602020715
0.7727999999999312;0.40932048602017984
0.7728999999999312;0.40932048602015186
0.7729999999999312;0.4093204860201233
0.7730999999999312;0.409320486020094
0.7731999999999312;0.4093204860200641
0.7732999999999312;0.40932048602003346
0.7733999999999311;0.40932048602000215
0.7734999999999311;0.4093204860199701
0.7735999999999311;0.40932048601993737
0.7736999999999311;0.40932048601990384
0.7737999999999311;0.40932048601986953
0.7738999999999311;0.4093204860198345
0.7739999999999311;0.4093204860197986
0.7740999999999311;0.40932048601976195
0.774199999999931;0.4093204860197244
0.774299999999931;0.409320486019686
0.774399999999931;0.40932048601964677
0.774499999999931;0.40932048601960663
0.774599999999931;0.40932048601956555
0.774699999999931;0.4093204860195236
0.774799999999931;0.4093204860194806
0.774899999999931;0.4093204860194367
0.774999999999931;0.4093204860193918
0.775099999999931;0.40932048601934584
0.7751999999999309;0.4093204860192988
0.7752999999999309;0.4093204860192508
0.7753999999999309;0.4093204860192016
0.7754999999999309;0.4093204860191514
0.7755999999999309;0.4093204860191
0.7756999999999309;0.4093204860190474
0.7757999999999309;0.4093204860189937
0.7758999999999309;0.4093204860189387
0.7759999999999309;0.4093204860188825
0.7760999999999308;0.40932048601882504
0.7761999999999308;0.40932048601876625
0.7762999999999308;0.40932048601870613
0.7763999999999308;0.4093204860186446
0.7764999999999308;0.4093204860185818
0.7765999999999308;0.4093204860185175
0.7766999999999308;0.4093204860184518
0.7767999999999308;0.4093204860183846
0.7768999999999308;0.4093204860183159
0.7769999999999307;0.4093204860182456
0.7770999999999307;0.4093204860181738
0.7771999999999307;0.4093204860181003
0.7772999999999307;0.4093204860180252
0.7773999999999307;0.4093204860179484
0.7774999999999307;0.40932048601786986
0.7775999999999307;0.4093204860177896
0.7776999999999307;0.4093204860177075
0.7777999999999307;0.40932048601762355
0.7778999999999306;0.40932048601753773
0.7779999999999306;0.40932048601744997
0.7780999999999306;0.40932048601736026
0.7781999999999306;0.40932048601726856
0.7782999999999306;0.4093204860171748
0.7783999999999306;0.40932048601707893
0.7784999999999306;0.40932048601698096
0.7785999999999306;0.40932048601688076
0.7786999999999306;0.40932048601677834
0.7787999999999305;0.4093204860166736
0.7788999999999305;0.40932048601656656
0.7789999999999305;0.4093204860164571
0.7790999999999305;0.4093204860163452
0.7791999999999305;0.40932048601623083
0.7792999999999305;0.4093204860161139
0.7793999999999305;0.40932048601599436
0.7794999999999305;0.4093204860158722
0.7795999999999305;0.4093204860157473
0.7796999999999304;0.4093204860156196
0.7797999999999304;0.4093204860154891
0.7798999999999304;0.4093204860153557
0.7799999999999304;0.4093204860152193
0.7800999999999304;0.4093204860150799
0.7801999999999304;0.4093204860149374
0.7802999999999304;0.40932048601479176
0.7803999999999304;0.4093204860146429
0.7804999999999304;0.40932048601449067
0.7805999999999303;0.4093204860143351
0.7806999999999303;0.40932048601417614
0.7807999999999303;0.40932048601401366
0.7808999999999303;0.4093204860138476
0.7809999999999303;0.4093204860136778
0.7810999999999303;0.4093204860135043
0.7811999999999303;0.40932048601332693
0.7812999999999303;0.4093204860131457
0.7813999999999303;0.40932048601296045
0.7814999999999303;0.4093204860127711
0.7815999999999302;0.40932048601257764
0.7816999999999302;0.40932048601237986
0.7817999999999302;0.40932048601217774
0.7818999999999302;0.4093204860119712
0.7819999999999302;0.4093204860117601
0.7820999999999302;0.40932048601154436
0.7821999999999302;0.40932048601132387
0.7822999999999302;0.40932048601109855
0.7823999999999302;0.4093204860108683
0.7824999999999301;0.409320486010633
0.7825999999999301;0.4093204860103925
0.7826999999999301;0.40932048601014676
0.7827999999999301;0.4093204860098957
0.7828999999999301;0.40932048600963905
0.7829999999999301;0.4093204860093768
0.7830999999999301;0.40932048600910886
0.7831999999999301;0.409320486008835
0.78329999999993;0.4093204860085552
0.78339999999993;0.4093204860082693
0.78349999999993;0.40932048600797716
0.78359999999993;0.4093204860076786
0.78369999999993;0.4093204860073736
0.78379999999993;0.4093204860070619
0.78389999999993;0.4093204860067434
0.78399999999993;0.409320486006418
0.78409999999993;0.4093204860060855
0.78419999999993;0.4093204860057458
0.7842999999999299;0.40932048600539866
0.7843999999999299;0.40932048600504406
0.7844999999999299;0.4093204860046817
0.7845999999999299;0.4093204860043115
0.7846999999999299;0.4093204860039332
0.7847999999999299;0.40932048600354676
0.7848999999999299;0.4093204860031519
0.7849999999999299;0.4093204860027485
0.7850999999999299;0.4093204860023364
0.7851999999999298;0.40932048600191534
0.7852999999999298;0.4093204860014852
0.7853999999999298;0.40932048600104576
0.7854999999999298;0.4093204860005968
0.7855999999999298;0.40932048600013815
0.7856999999999298;0.4093204859996696
0.7857999999999298;0.4093204859991909
0.7858999999999298;0.4093204859987019
0.7859999999999298;0.4093204859982024
0.7860999999999297;0.4093204859976921
0.7861999999999297;0.4093204859971708
0.7862999999999297;0.4093204859966383
0.7863999999999297;0.40932048599609433
0.7864999999999297;0.40932048599553866
0.7865999999999297;0.40932048599497106
0.7866999999999297;0.40932048599439125
0.7867999999999297;0.40932048599379894
0.7868999999999297;0.409320485993194
0.7869999999999296;0.40932048599257603
0.7870999999999296;0.4093204859919448
0.7871999999999296;0.4093204859913001
0.7872999999999296;0.4093204859906416
0.7873999999999296;0.4093204859899689
0.7874999999999296;0.4093204859892819
0.7875999999999296;0.4093204859885801
0.7876999999999296;0.4093204859878634
0.7877999999999296;0.40932048598713133
0.7878999999999295;0.40932048598638365
0.7879999999999295;0.40932048598562
0.7880999999999295;0.40932048598484005
0.7881999999999295;0.40932048598404347
0.7882999999999295;0.40932048598322995
0.7883999999999295;0.40932048598239906
0.7884999999999295;0.40932048598155046
0.7885999999999295;0.4093204859806838
0.7886999999999295;0.40932048597979875
0.7887999999999294;0.4093204859788948
0.7888999999999294;0.4093204859779717
0.7889999999999294;0.409320485977029
0.7890999999999294;0.4093204859760663
0.7891999999999294;0.40932048597508314
0.7892999999999294;0.4093204859740791
0.7893999999999294;0.4093204859730538
0.7894999999999294;0.40932048597200676
0.7895999999999294;0.4093204859709376
0.7896999999999293;0.40932048596984577
0.7897999999999293;0.40932048596873083
0.7898999999999293;0.40932048596759235
0.7899999999999293;0.4093204859664298
0.7900999999999293;0.4093204859652427
0.7901999999999293;0.4093204859640305
0.7902999999999293;0.4093204859627927
0.7903999999999293;0.4093204859615288
0.7904999999999293;0.40932048596023834
0.7905999999999292;0.4093204859589206
0.7906999999999292;0.40932048595757514
0.7907999999999292;0.40932048595620135
0.7908999999999292;0.4093204859547987
0.7909999999999292;0.4093204859533665
0.7910999999999292;0.4093204859519042
0.7911999999999292;0.4093204859504112
0.7912999999999292;0.40932048594888687
0.7913999999999292;0.4093204859473305
0.7914999999999291;0.4093204859457415
0.7915999999999291;0.4093204859441192
0.7916999999999291;0.4093204859424629
0.7917999999999291;0.4093204859407719
0.7918999999999291;0.4093204859390455
0.7919999999999291;0.40932048593728304
0.7920999999999291;0.4093204859354837
0.7921999999999291;0.4093204859336467
0.7922999999999291;0.4093204859317714
0.792399999999929;0.40932048592985687
0.792499999999929;0.40932048592790243
0.792599999999929;0.4093204859259072
0.792699999999929;0.4093204859238704
0.792799999999929;0.4093204859217911
0.792899999999929;0.4093204859196686
0.792999999999929;0.4093204859175018
0.793099999999929;0.40932048591528997
0.793199999999929;0.40932048591303216
0.793299999999929;0.4093204859107274
0.7933999999999289;0.4093204859083748
0.7934999999999289;0.4093204859059733
0.7935999999999289;0.409320485903522
0.7936999999999289;0.4093204859010198
0.7937999999999289;0.4093204858984658
0.7938999999999289;0.40932048589585884
0.7939999999999289;0.4093204858931979
0.7940999999999289;0.4093204858904819
0.7941999999999289;0.4093204858877097
0.7942999999999288;0.4093204858848802
0.7943999999999288;0.40932048588199216
0.7944999999999288;0.40932048587904446
0.7945999999999288;0.409320485876036
0.7946999999999288;0.4093204858729654
0.7947999999999288;0.40932048586983144
0.7948999999999288;0.4093204858666329
0.7949999999999288;0.40932048586336844
0.7950999999999288;0.4093204858600368
0.7951999999999287;0.40932048585663655
0.7952999999999287;0.4093204858531664
0.7953999999999287;0.4093204858496248
0.7954999999999287;0.4093204858460105
0.7955999999999287;0.40932048584232195
0.7956999999999287;0.4093204858385577
0.7957999999999287;0.4093204858347162
0.7958999999999287;0.4093204858307959
0.7959999999999287;0.40932048582679526
0.7960999999999286;0.40932048582271263
0.7961999999999286;0.40932048581854646
0.7962999999999286;0.409320485814295
0.7963999999999286;0.40932048580995656
0.7964999999999286;0.40932048580552943
0.7965999999999286;0.4093204858010119
0.7966999999999286;0.409320485796402
0.7967999999999286;0.4093204857916981
0.7968999999999286;0.40932048578689817
0.7969999999999285;0.4093204857820004
0.7970999999999285;0.4093204857770028
0.7971999999999285;0.40932048577190344
0.7972999999999285;0.4093204857667002
0.7973999999999285;0.40932048576139113
0.7974999999999285;0.4093204857559741
0.7975999999999285;0.4093204857504469
0.7976999999999285;0.40932048574480745
0.7977999999999285;0.40932048573905344
0.7978999999999284;0.4093204857331827
0.7979999999999284;0.4093204857271929
0.7980999999999284;0.4093204857210816
0.7981999999999284;0.40932048571484647
0.7982999999999284;0.4093204857084851
0.7983999999999284;0.409320485701995
0.7984999999999284;0.4093204856953735
0.7985999999999284;0.4093204856886182
0.7986999999999284;0.4093204856817263
0.7987999999999283;0.40932048567469526
0.7988999999999283;0.4093204856675222
0.7989999999999283;0.40932048566020446
0.7990999999999283;0.4093204856527391
0.7991999999999283;0.4093204856451233
0.7992999999999283;0.409320485637354
0.7993999999999283;0.40932048562942835
0.7994999999999283;0.40932048562134316
0.7995999999999283;0.40932048561309536
0.7996999999999282;0.4093204856046817
0.7997999999999282;0.409320485596099
0.7998999999999282;0.409320485587344
0.7999999999999282;0.4093204855784132
0.8000999999999282;0.4093204855693033
0.8001999999999282;0.4093204855600107
0.8002999999999282;0.4093204855505319
0.8003999999999282;0.40932048554086325
0.8004999999999282;0.4093204855310011
0.8005999999999281;0.4093204855209415
0.8006999999999281;0.40932048551068084
0.8007999999999281;0.4093204855002151
0.8008999999999281;0.40932048548954025
0.8009999999999281;0.4093204854786523
0.8010999999999281;0.4093204854675471
0.8011999999999281;0.4093204854562204
0.8012999999999281;0.4093204854446679
0.8013999999999281;0.4093204854328853
0.801499999999928;0.4093204854208681
0.801599999999928;0.40932048540861166
0.801699999999928;0.4093204853961115
0.801799999999928;0.40932048538336274
0.801899999999928;0.40932048537036075
0.801999999999928;0.4093204853571005
0.802099999999928;0.4093204853435772
0.802199999999928;0.4093204853297855
0.802299999999928;0.40932048531572035
0.802399999999928;0.40932048530137655
0.8024999999999279;0.40932048528674864
0.8025999999999279;0.4093204852718311
0.8026999999999279;0.4093204852566185
0.8027999999999279;0.4093204852411051
0.8028999999999279;0.4093204852252851
0.8029999999999279;0.4093204852091526
0.8030999999999279;0.40932048519270164
0.8031999999999279;0.40932048517592606
0.8032999999999278;0.4093204851588197
0.8033999999999278;0.40932048514137614
0.8034999999999278;0.409320485123589
0.8035999999999278;0.4093204851054516
0.8036999999999278;0.4093204850869573
0.8037999999999278;0.4093204850680993
0.8038999999999278;0.4093204850488706
0.8039999999999278;0.40932048502926416
0.8040999999999278;0.4093204850092727
0.8041999999999278;0.40932048498888896
0.8042999999999277;0.4093204849681054
0.8043999999999277;0.4093204849469144
0.8044999999999277;0.40932048492530826
0.8045999999999277;0.409320484903279
0.8046999999999277;0.40932048488081857
0.8047999999999277;0.40932048485791883
0.8048999999999277;0.40932048483457134
0.8049999999999277;0.4093204848107677
0.8050999999999277;0.40932048478649924
0.8051999999999276;0.4093204847617571
0.8052999999999276;0.40932048473653226
0.8053999999999276;0.4093204847108156
0.8054999999999276;0.40932048468459786
0.8055999999999276;0.4093204846578695
0.8056999999999276;0.40932048463062093
0.8057999999999276;0.4093204846028422
0.8058999999999276;0.40932048457452336
0.8059999999999276;0.40932048454565423
0.8060999999999275;0.4093204845162244
0.8061999999999275;0.4093204844862232
0.8062999999999275;0.40932048445564007
0.8063999999999275;0.40932048442446384
0.8064999999999275;0.4093204843926835
0.8065999999999275;0.4093204843602875
0.8066999999999275;0.4093204843272645
0.8067999999999275;0.40932048429360246
0.8068999999999275;0.4093204842592895
0.8069999999999274;0.4093204842243135
0.8070999999999274;0.40932048418866185
0.8071999999999274;0.4093204841523219
0.8072999999999274;0.4093204841152808
0.8073999999999274;0.40932048407752547
0.8074999999999274;0.4093204840390425
0.8075999999999274;0.4093204839998182
0.8076999999999274;0.4093204839598387
0.8077999999999274;0.40932048391909004
0.8078999999999273;0.4093204838775577
0.8079999999999273;0.4093204838352271
0.8080999999999273;0.4093204837920834
0.8081999999999273;0.4093204837481114
0.8082999999999273;0.4093204837032957
0.8083999999999273;0.4093204836576205
0.8084999999999273;0.40932048361106993
0.8085999999999273;0.4093204835636276
0.8086999999999273;0.40932048351527694
0.8087999999999272;0.40932048346600114
0.8088999999999272;0.40932048341578303
0.8089999999999272;0.409320483364605
0.8090999999999272;0.4093204833124494
0.8091999999999272;0.409320483259298
0.8092999999999272;0.4093204832051324
0.8093999999999272;0.40932048314993386
0.8094999999999272;0.4093204830936832
0.8095999999999272;0.409320483036361
0.8096999999999271;0.4093204829779475
0.8097999999999271;0.40932048291842243
0.8098999999999271;0.4093204828577654
0.8099999999999271;0.40932048279595545
0.8100999999999271;0.40932048273297134
0.8101999999999271;0.40932048266879145
0.8102999999999271;0.40932048260339376
0.8103999999999271;0.4093204825367559
0.8104999999999271;0.409320482468855
0.810599999999927;0.40932048239966784
0.810699999999927;0.40932048232917084
0.810799999999927;0.4093204822573399
0.810899999999927;0.40932048218415057
0.810999999999927;0.409320482109578
0.811099999999927;0.4093204820335967
0.811199999999927;0.40932048195618104
0.811299999999927;0.4093204818773047
0.811399999999927;0.40932048179694086
0.811499999999927;0.40932048171506247
0.8115999999999269;0.40932048163164175
0.8116999999999269;0.4093204815466506
0.8117999999999269;0.4093204814600604
0.8118999999999269;0.4093204813718419
0.8119999999999269;0.4093204812819654
0.8120999999999269;0.4093204811904008
0.8121999999999269;0.40932048109711733
0.8122999999999269;0.40932048100208374
0.8123999999999268;0.4093204809052681
0.8124999999999268;0.4093204808066382
0.8125999999999268;0.4093204807061609
0.8126999999999268;0.4093204806038028
0.8127999999999268;0.4093204804995298
0.8128999999999268;0.4093204803933071
0.8129999999999268;0.4093204802850994
0.8130999999999268;0.40932048017487077
0.8131999999999268;0.4093204800625847
0.8132999999999267;0.4093204799482039
0.8133999999999267;0.40932047983169056
0.8134999999999267;0.4093204797130061
0.8135999999999267;0.40932047959211143
0.8136999999999267;0.4093204794689666
0.8137999999999267;0.40932047934353105
0.8138999999999267;0.4093204792157636
0.8139999999999267;0.4093204790856221
0.8140999999999267;0.40932047895306395
0.8141999999999266;0.4093204788180456
0.8142999999999266;0.40932047868052296
0.8143999999999266;0.40932047854045095
0.8144999999999266;0.4093204783977838
0.8145999999999266;0.4093204782524749
0.8146999999999266;0.4093204781044771
0.8147999999999266;0.40932047795374193
0.8148999999999266;0.40932047780022063
0.8149999999999266;0.40932047764386315
0.8150999999999265;0.40932047748461886
0.8151999999999265;0.40932047732243615
0.8152999999999265;0.4093204771572625
0.8153999999999265;0.4093204769890445
0.8154999999999265;0.4093204768177279
0.8155999999999265;0.4093204766432574
0.8156999999999265;0.4093204764655768
0.8157999999999265;0.4093204762846289
0.8158999999999265;0.40932047610035566
0.8159999999999265;0.4093204759126979
0.8160999999999264;0.40932047572159536
0.8161999999999264;0.4093204755269869
0.8162999999999264;0.40932047532881033
0.8163999999999264;0.40932047512700226
0.8164999999999264;0.40932047492149837
0.8165999999999264;0.40932047471223315
0.8166999999999264;0.40932047449913994
0.8167999999999264;0.40932047428215107
0.8168999999999264;0.4093204740611976
0.8169999999999263;0.4093204738362094
0.8170999999999263;0.40932047360711526
0.8171999999999263;0.40932047337384264
0.8172999999999263;0.4093204731363179
0.8173999999999263;0.409320472894466
0.8174999999999263;0.4093204726482107
0.8175999999999263;0.4093204723974745
0.8176999999999263;0.4093204721421784
0.8177999999999263;0.4093204718822424
0.8178999999999262;0.40932047161758484
0.8179999999999262;0.40932047134812277
0.8180999999999262;0.40932047107377184
0.8181999999999262;0.40932047079444633
0.8182999999999262;0.40932047051005904
0.8183999999999262;0.40932047022052115
0.8184999999999262;0.4093204699257426
0.8185999999999262;0.4093204696256316
0.8186999999999262;0.40932046932009497
0.8187999999999261;0.4093204690090378
0.8188999999999261;0.4093204686923637
0.8189999999999261;0.40932046836997465
0.8190999999999261;0.4093204680417709
0.8191999999999261;0.4093204677076511
0.8192999999999261;0.4093204673675122
0.8193999999999261;0.40932046702124936
0.8194999999999261;0.40932046666875604
0.819599999999926;0.4093204663099239
0.819699999999926;0.40932046594464283
0.819799999999926;0.4093204655728007
0.819899999999926;0.4093204651942838
0.819999999999926;0.40932046480897616
0.820099999999926;0.40932046441676023
0.820199999999926;0.40932046401751626
0.820299999999926;0.4093204636111226
0.820399999999926;0.4093204631974556
0.820499999999926;0.4093204627763894
0.8205999999999259;0.4093204623477962
0.8206999999999259;0.40932046191154603
0.8207999999999259;0.4093204614675068
0.8208999999999259;0.4093204610155441
0.8209999999999259;0.4093204605555214
0.8210999999999259;0.40932046008729983
0.8211999999999259;0.4093204596107384
0.8212999999999259;0.40932045912569354
0.8213999999999259;0.40932045863201943
0.8214999999999258;0.4093204581295678
0.8215999999999258;0.409320457618188
0.8216999999999258;0.4093204570977269
0.8217999999999258;0.4093204565680287
0.8218999999999258;0.40932045602893513
0.8219999999999258;0.4093204554802853
0.8220999999999258;0.40932045492191566
0.8221999999999258;0.40932045435366005
0.8222999999999258;0.4093204537753494
0.8223999999999257;0.40932045318681215
0.8224999999999257;0.40932045258787353
0.8225999999999257;0.40932045197835626
0.8226999999999257;0.40932045135807993
0.8227999999999257;0.40932045072686124
0.8228999999999257;0.409320450084514
0.8229999999999257;0.4093204494308488
0.8230999999999257;0.4093204487656732
0.8231999999999257;0.40932044808879164
0.8232999999999256;0.4093204474000054
0.8233999999999256;0.4093204466991124
0.8234999999999256;0.4093204459859073
0.8235999999999256;0.40932044526018146
0.8236999999999256;0.4093204445217229
0.8237999999999256;0.40932044377031607
0.8238999999999256;0.409320443005742
0.8239999999999256;0.409320442227778
0.8240999999999256;0.40932044143619806
0.8241999999999255;0.4093204406307722
0.8242999999999255;0.409320439811267
0.8243999999999255;0.4093204389774449
0.8244999999999255;0.4093204381290648
0.8245999999999255;0.40932043726588163
0.8246999999999255;0.40932043638764626
0.8247999999999255;0.4093204354941056
0.8248999999999255;0.4093204345850025
0.8249999999999255;0.40932043366007564
0.8250999999999254;0.40932043271905943
0.8251999999999254;0.40932043176168414
0.8252999999999254;0.40932043078767555
0.8253999999999254;0.40932042979675504
0.8254999999999254;0.40932042878863967
0.8255999999999254;0.4093204277630418
0.8256999999999254;0.4093204267196692
0.8257999999999254;0.4093204256582249
0.8258999999999254;0.4093204245784074
0.8259999999999253;0.40932042347991016
0.8260999999999253;0.4093204223624217
0.8261999999999253;0.40932042122562573
0.8262999999999253;0.4093204200692008
0.8263999999999253;0.4093204188928203
0.8264999999999253;0.4093204176961525
0.8265999999999253;0.4093204164788603
0.8266999999999253;0.40932041524060137
0.8267999999999253;0.40932041398102764
0.8268999999999253;0.4093204126997858
0.8269999999999252;0.40932041139651676
0.8270999999999252;0.4093204100708558
0.8271999999999252;0.40932040872243236
0.8272999999999252;0.40932040735087
0.8273999999999252;0.40932040595578634
0.8274999999999252;0.4093204045367929
0.8275999999999252;0.40932040309349516
0.8276999999999252;0.4093204016254922
0.8277999999999252;0.40932040013237686
0.8278999999999251;0.4093203986137356
0.8279999999999251;0.40932039706914813
0.8280999999999251;0.40932039549818783
0.8281999999999251;0.40932039390042113
0.8282999999999251;0.40932039227540773
0.8283999999999251;0.40932039062270037
0.8284999999999251;0.40932038894184475
0.8285999999999251;0.4093203872323795
0.828699999999925;0.40932038549383587
0.828799999999925;0.4093203837257379
0.828899999999925;0.4093203819276021
0.828999999999925;0.40932038009893745
0.829099999999925;0.40932037823924505
0.829199999999925;0.4093203763480185
0.829299999999925;0.40932037442474317
0.829399999999925;0.4093203724688967
0.829499999999925;0.4093203704799483
0.829599999999925;0.40932036845735914
0.8296999999999249;0.4093203664005817
0.8297999999999249;0.4093203643090603
0.8298999999999249;0.40932036218223034
0.8299999999999249;0.4093203600195185
0.8300999999999249;0.4093203578203425
0.8301999999999249;0.40932035558411123
0.8302999999999249;0.40932035331022415
0.8303999999999249;0.4093203509980715
0.8304999999999249;0.4093203486470342
0.8305999999999248;0.40932034625648345
0.8306999999999248;0.40932034382578064
0.8307999999999248;0.40932034135427753
0.8308999999999248;0.4093203388413157
0.8309999999999248;0.4093203362862265
0.8310999999999248;0.4093203336883312
0.8311999999999248;0.4093203310469404
0.8312999999999248;0.4093203283613541
0.8313999999999248;0.40932032563086174
0.8314999999999247;0.4093203228547416
0.8315999999999247;0.40932032003226093
0.8316999999999247;0.40932031716267575
0.8317999999999247;0.4093203142452307
0.8318999999999247;0.40932031127915874
0.8319999999999247;0.40932030826368127
0.8320999999999247;0.4093203051980075
0.8321999999999247;0.40932030208133474
0.8322999999999247;0.409320298912848
0.8323999999999246;0.4093202956917198
0.8324999999999246;0.40932029241711004
0.8325999999999246;0.4093202890881659
0.8326999999999246;0.40932028570402146
0.8327999999999246;0.4093202822637976
0.8328999999999246;0.4093202787666019
0.8329999999999246;0.4093202752115283
0.8330999999999246;0.40932027159765716
0.8331999999999246;0.40932026792405457
0.8332999999999245;0.4093202641897728
0.8333999999999245;0.40932026039384944
0.8334999999999245;0.4093202565353077
0.8335999999999245;0.40932025261315597
0.8336999999999245;0.40932024862638766
0.8337999999999245;0.4093202445739809
0.8338999999999245;0.40932024045489845
0.8339999999999245;0.40932023626808745
0.8340999999999245;0.40932023201247913
0.8341999999999244;0.40932022768698856
0.8342999999999244;0.40932022329051465
0.8343999999999244;0.4093202188219396
0.8344999999999244;0.4093202142801288
0.8345999999999244;0.4093202096639308
0.8346999999999244;0.40932020497217664
0.8347999999999244;0.40932020020368004
0.8348999999999244;0.40932019535723674
0.8349999999999244;0.4093201904316246
0.8350999999999243;0.4093201854256032
0.8351999999999243;0.40932018033791356
0.8352999999999243;0.4093201751672778
0.8353999999999243;0.40932016991239917
0.8354999999999243;0.4093201645719614
0.8355999999999243;0.40932015914462877
0.8356999999999243;0.4093201536290455
0.8357999999999243;0.4093201480238358
0.8358999999999243;0.40932014232760344
0.8359999999999242;0.4093201365389313
0.8360999999999242;0.4093201306563813
0.8361999999999242;0.4093201246784941
0.8362999999999242;0.40932011860378875
0.8363999999999242;0.4093201124307623
0.8364999999999242;0.40932010615788955
0.8365999999999242;0.4093200997836228
0.8366999999999242;0.40932009330639163
0.8367999999999242;0.40932008672460224
0.8368999999999241;0.40932008003663733
0.8369999999999241;0.40932007324085595
0.8370999999999241;0.40932006633559287
0.8371999999999241;0.40932005931915844
0.8372999999999241;0.409320052189838
0.8373999999999241;0.4093200449458919
0.8374999999999241;0.409320037585555
0.8375999999999241;0.40932003010703605
0.8376999999999241;0.40932002250851773
0.837799999999924;0.4093200147881561
0.837899999999924;0.4093200069440802
0.837999999999924;0.40931999897439175
0.838099999999924;0.4093199908771648
0.838199999999924;0.4093199826504452
0.838299999999924;0.4093199742922504
0.838399999999924;0.40931996580056895
0.838499999999924;0.40931995717336006
0.838599999999924;0.4093199484085533
0.838699999999924;0.40931993950404816
0.8387999999999239;0.40931993045771364
0.8388999999999239;0.4093199212673878
0.8389999999999239;0.4093199119308774
0.8390999999999239;0.4093199024459574
0.8391999999999239;0.4093198928103705
0.8392999999999239;0.40931988302182687
0.8393999999999239;0.40931987307800355
0.8394999999999239;0.40931986297654405
0.8395999999999239;0.4093198527150578
0.8396999999999238;0.40931984229111984
0.8397999999999238;0.4093198317022703
0.8398999999999238;0.409319820946014
0.8399999999999238;0.4093198100198197
0.8400999999999238;0.4093197989211199
0.8401999999999238;0.40931978764731025
0.8402999999999238;0.40931977619574894
0.8403999999999238;0.4093197645637565
0.8404999999999238;0.40931975274861493
0.8405999999999237;0.4093197407475674
0.8406999999999237;0.4093197285578176
0.8407999999999237;0.40931971617652946
0.8408999999999237;0.4093197036008262
0.8409999999999237;0.40931969082779024
0.8410999999999237;0.40931967785446227
0.8411999999999237;0.4093196646778409
0.8412999999999237;0.4093196512948822
0.8413999999999237;0.40931963770249863
0.8414999999999236;0.40931962389755916
0.8415999999999236;0.4093196098768881
0.8416999999999236;0.40931959563726494
0.8417999999999236;0.4093195811754234
0.8418999999999236;0.40931956648805096
0.8419999999999236;0.4093195515717884
0.8420999999999236;0.40931953642322894
0.8421999999999236;0.4093195210389177
0.8422999999999236;0.40931950541535117
0.8423999999999235;0.4093194895489763
0.8424999999999235;0.4093194734361901
0.8425999999999235;0.40931945707333894
0.8426999999999235;0.40931944045671775
0.8427999999999235;0.4093194235825695
0.8428999999999235;0.4093194064470843
0.8429999999999235;0.409319389046399
0.8430999999999235;0.4093193713765962
0.8431999999999235;0.4093193534337037
0.8432999999999234;0.4093193352136938
0.8433999999999234;0.4093193167124825
0.8434999999999234;0.40931929792592875
0.8435999999999234;0.4093192788498337
0.8436999999999234;0.40931925947994
0.8437999999999234;0.4093192398119312
0.8438999999999234;0.4093192198414304
0.8439999999999234;0.4093191995640002
0.8440999999999234;0.40931917897514136
0.8441999999999233;0.40931915807029234
0.8442999999999233;0.4093191368448283
0.8443999999999233;0.4093191152940602
0.8444999999999233;0.40931909341323425
0.8445999999999233;0.40931907119753086
0.8446999999999233;0.40931904864206387
0.8447999999999233;0.4093190257418796
0.8448999999999233;0.4093190024919561
0.8449999999999233;0.40931897888720203
0.8450999999999232;0.40931895492245624
0.8451999999999232;0.40931893059248636
0.8452999999999232;0.40931890589198805
0.8453999999999232;0.4093188808155843
0.8454999999999232;0.40931885535782425
0.8455999999999232;0.40931882951318216
0.8456999999999232;0.40931880327605674
0.8457999999999232;0.40931877664077004
0.8458999999999232;0.4093187496015664
0.8459999999999231;0.4093187221526115
0.8460999999999231;0.40931869428799145
0.8461999999999231;0.40931866600171174
0.8462999999999231;0.40931863728769596
0.8463999999999231;0.40931860813978527
0.8464999999999231;0.4093185785517368
0.8465999999999231;0.409318548517223
0.8466999999999231;0.40931851802983027
0.8467999999999231;0.40931848708305807
0.846899999999923;0.4093184556703177
0.846999999999923;0.4093184237849314
0.847099999999923;0.4093183914201308
0.847199999999923;0.4093183585690562
0.847299999999923;0.4093183252247552
0.847399999999923;0.4093182913801815
0.847499999999923;0.40931825702819397
0.847599999999923;0.40931822216155517
0.847699999999923;0.40931818677293025
0.847799999999923;0.4093181508548858
0.8478999999999229;0.40931811439988847
0.8479999999999229;0.4093180774003038
0.8480999999999229;0.40931803984839504
0.8481999999999229;0.40931800173632166
0.8482999999999229;0.40931796305613827
0.8483999999999229;0.4093179237997931
0.8484999999999229;0.409317883959127
0.8485999999999229;0.40931784352587164
0.8486999999999228;0.4093178024916486
0.8487999999999228;0.4093177608479677
0.8488999999999228;0.40931771858622584
0.8489999999999228;0.4093176756977053
0.8490999999999228;0.40931763217357264
0.8491999999999228;0.40931758800487716
0.8492999999999228;0.4093175431825493
0.8493999999999228;0.40931749769739945
0.8494999999999228;0.4093174515401161
0.8495999999999228;0.4093174047012648
0.8496999999999227;0.40931735717128626
0.8497999999999227;0.4093173089404949
0.8498999999999227;0.4093172599990776
0.8499999999999227;0.4093172103370916
0.8500999999999227;0.4093171599444635
0.8501999999999227;0.40931710881098704
0.8502999999999227;0.4093170569263221
0.8503999999999227;0.4093170042799926
0.8504999999999227;0.40931695086138514
0.8505999999999226;0.40931689665974696
0.8506999999999226;0.4093168416641848
0.8507999999999226;0.40931678586366266
0.8508999999999226;0.40931672924700024
0.8509999999999226;0.40931667180287146
0.8510999999999226;0.40931661351980225
0.8511999999999226;0.4093165543861691
0.8512999999999226;0.40931649439019696
0.8513999999999226;0.40931643351995783
0.8514999999999225;0.40931637176336844
0.8515999999999225;0.4093163091081886
0.8516999999999225;0.40931624554201956
0.8517999999999225;0.4093161810523015
0.8518999999999225;0.40931611562631226
0.8519999999999225;0.4093160492511648
0.8520999999999225;0.4093159819138058
0.8521999999999225;0.40931591360101305
0.8522999999999225;0.40931584429939405
0.8523999999999224;0.4093157739953835
0.8524999999999224;0.4093157026752415
0.8525999999999224;0.40931563032505125
0.8526999999999224;0.4093155569307173
0.8527999999999224;0.409315482477963
0.8528999999999224;0.4093154069523287
0.8529999999999224;0.40931533033916934
0.8530999999999224;0.4093152526236523
0.8531999999999224;0.4093151737907555
0.8532999999999223;0.4093150938252645
0.8533999999999223;0.40931501271177084
0.8534999999999223;0.40931493043466954
0.8535999999999223;0.4093148469781566
0.8536999999999223;0.409314762326227
0.8537999999999223;0.40931467646267206
0.8538999999999223;0.4093145893710772
0.8539999999999223;0.40931450103481937
0.8540999999999223;0.4093144114370649
0.8541999999999222;0.4093143205607666
0.8542999999999222;0.40931422838866177
0.8543999999999222;0.4093141349032692
0.8544999999999222;0.40931404008688693
0.8545999999999222;0.40931394392158965
0.8546999999999222;0.40931384638922597
0.8547999999999222;0.40931374747141586
0.8548999999999222;0.409313647149548
0.8549999999999222;0.40931354540477716
0.8550999999999221;0.40931344221802135
0.8551999999999221;0.4093133375699592
0.8552999999999221;0.40931323144102716
0.8553999999999221;0.4093131238114167
0.8554999999999221;0.4093130146610714
0.8555999999999221;0.4093129039696843
0.8556999999999221;0.40931279171669477
0.8557999999999221;0.4093126778812859
0.8558999999999221;0.4093125624423811
0.855999999999922;0.40931244537864175
0.856099999999922;0.4093123266684636
0.856199999999922;0.40931220628997406
0.856299999999922;0.4093120842210291
0.856399999999922;0.40931196043921003
0.856499999999922;0.4093118349218206
0.856599999999922;0.40931170764588354
0.856699999999922;0.4093115785881376
0.856799999999922;0.4093114477250343
0.856899999999922;0.40931131503273455
0.8569999999999219;0.40931118048710546
0.8570999999999219;0.409311044063717
0.8571999999999219;0.4093109057378385
0.8572999999999219;0.4093107654844357
0.8573999999999219;0.40931062327816664
0.8574999999999219;0.40931047909337887
0.8575999999999219;0.4093103329041055
0.8576999999999219;0.40931018468406194
0.8577999999999218;0.4093100344066421
0.8578999999999218;0.40930988204491503
0.8579999999999218;0.4093097275716211
0.8580999999999218;0.4093095709591684
0.8581999999999218;0.4093094121796292
0.8582999999999218;0.40930925120473577
0.8583999999999218;0.409309088005877
0.8584999999999218;0.40930892255409446
0.8585999999999218;0.4093087548200785
0.8586999999999217;0.4093085847741644
0.8587999999999217;0.4093084123863283
0.8588999999999217;0.4093082376261835
0.8589999999999217;0.4093080604629763
0.8590999999999217;0.4093078808655818
0.8591999999999217;0.40930769880249995
0.8592999999999217;0.4093075142418516
0.8593999999999217;0.409307327151374
0.8594999999999217;0.4093071374984168
0.8595999999999216;0.40930694524993766
0.8596999999999216;0.4093067503724982
0.8597999999999216;0.4093065528322593
0.8598999999999216;0.40930635259497705
0.8599999999999216;0.40930614962599815
0.8600999999999216;0.40930594389025554
0.8601999999999216;0.40930573535226383
0.8602999999999216;0.4093055239761148
0.8603999999999216;0.40930530972547274
0.8604999999999215;0.40930509256357
0.8605999999999215;0.40930487245320196
0.8606999999999215;0.4093046493567227
0.8607999999999215;0.4093044232360401
0.8608999999999215;0.4093041940526107
0.8609999999999215;0.40930396176743544
0.8610999999999215;0.40930372634105416
0.8611999999999215;0.4093034877335412
0.8612999999999215;0.4093032459044999
0.8613999999999215;0.40930300081305787
0.8614999999999214;0.40930275241786185
0.8615999999999214;0.4093025006770724
0.8616999999999214;0.409302245548359
0.8617999999999214;0.4093019869888944
0.8618999999999214;0.4093017249553499
0.8619999999999214;0.4093014594038895
0.8620999999999214;0.4093011902901647
0.8621999999999214;0.4093009175693092
0.8622999999999214;0.4093006411959332
0.8623999999999213;0.4093003611241179
0.8624999999999213;0.40930007730741014
0.8625999999999213;0.4092997896988164
0.8626999999999213;0.4092994982507975
0.8627999999999213;0.4092992029152625
0.8628999999999213;0.4092989036435631
0.8629999999999213;0.4092986003864877
0.8630999999999213;0.4092982930942557
0.8631999999999213;0.40929798171651127
0.8632999999999212;0.40929766620231756
0.8633999999999212;0.40929734650015037
0.8634999999999212;0.40929702255789235
0.8635999999999212;0.4092966943228266
0.8636999999999212;0.40929636174163064
0.8637999999999212;0.4092960247603699
0.8638999999999212;0.4092956833244914
0.8639999999999212;0.40929533737881757
0.8640999999999212;0.4092949868675395
0.8641999999999211;0.4092946317342108
0.8642999999999211;0.4092942719217406
0.8643999999999211;0.40929390737238713
0.8644999999999211;0.40929353802775115
0.8645999999999211;0.4092931638287689
0.8646999999999211;0.4092927847157056
0.8647999999999211;0.40929240062814837
0.8648999999999211;0.40929201150499933
0.864999999999921;0.4092916172844687
0.865099999999921;0.40929121790406775
0.865199999999921;0.40929081330060146
0.865299999999921;0.4092904034101616
0.865399999999921;0.40928998816811946
0.865499999999921;0.4092895675091183
0.865599999999921;0.40928914136706646
0.865699999999921;0.40928870967512937
0.865799999999921;0.40928827236572246
0.865899999999921;0.40928782937050334
0.8659999999999209;0.40928738062036446
0.8660999999999209;0.40928692604542516
0.8661999999999209;0.409286465575024
0.8662999999999209;0.409285999137711
0.8663999999999209;0.4092855266612397
0.8664999999999209;0.40928504807255905
0.8665999999999209;0.40928456329780577
0.8666999999999209;0.4092840722622958
0.8667999999999209;0.4092835748905165
0.8668999999999208;0.4092830711061182
0.8669999999999208;0.409282560831906
0.8670999999999208;0.40928204398983137
0.8671999999999208;0.40928152050098376
0.8672999999999208;0.40928099028558185
0.8673999999999208;0.4092804532629654
0.8674999999999208;0.4092799093515862
0.8675999999999208;0.4092793584689995
0.8676999999999208;0.40927880053185517
0.8677999999999207;0.409278235455889
0.8678999999999207;0.4092776631559134
0.8679999999999207;0.4092770835458088
0.8680999999999207;0.4092764965385141
0.8681999999999207;0.40927590204601794
0.8682999999999207;0.4092752999793492
0.8683999999999207;0.4092746902485676
0.8684999999999207;0.4092740727627546
0.8685999999999207;0.40927344743000377
0.8686999999999206;0.40927281415741096
0.8687999999999206;0.40927217285106526
0.8688999999999206;0.40927152341603873
0.8689999999999206;0.409270865756377
0.8690999999999206;0.4092701997750891
0.8691999999999206;0.40926952537413785
0.8692999999999206;0.40926884245442957
0.8693999999999206;0.40926815091580393
0.8694999999999206;0.40926745065702413
0.8695999999999205;0.4092667415757662
0.8696999999999205;0.40926602356860897
0.8697999999999205;0.40926529653102345
0.8698999999999205;0.4092645603573623
0.8699999999999205;0.40926381494084957
0.8700999999999205;0.40926306017356945
0.8701999999999205;0.4092622959464561
0.8702999999999205;0.40926152214928224
0.8703999999999205;0.4092607386706487
0.8704999999999204;0.40925994539797317
0.8705999999999204;0.40925914221747905
0.8706999999999204;0.40925832901418435
0.8707999999999204;0.4092575056718904
0.8708999999999204;0.40925667207317046
0.8709999999999204;0.40925582809935834
0.8710999999999204;0.40925497363053676
0.8711999999999204;0.40925410854552574
0.8712999999999204;0.40925323272187086
0.8713999999999203;0.40925234603583166
0.8714999999999203;0.4092514483623694
0.8715999999999203;0.40925053957513524
0.8716999999999203;0.40924961954645833
0.8717999999999203;0.4092486881473334
0.8718999999999203;0.4092477452474084
0.8719999999999203;0.40924679071497266
0.8720999999999203;0.40924582441694374
0.8721999999999203;0.4092448462188555
0.8722999999999203;0.4092438559848451
0.8723999999999202;0.4092428535776404
0.8724999999999202;0.4092418388585471
0.8725999999999202;0.4092408116874359
0.8726999999999202;0.4092397719227294
0.8727999999999202;0.40923871942138906
0.8728999999999202;0.4092376540389019
0.8729999999999202;0.4092365756292672
0.8730999999999202;0.4092354840449833
0.8731999999999202;0.40923437913703387
0.8732999999999201;0.4092332607548743
0.8733999999999201;0.4092321287464184
0.8734999999999201;0.40923098295802407
0.8735999999999201;0.40922982323447965
0.8736999999999201;0.40922864941899006
0.8737999999999201;0.40922746135316246
0.8738999999999201;0.4092262588769924
0.8739999999999201;0.4092250418288489
0.87409999999992;0.4092238100454609
0.87419999999992;0.409222563361902
0.87429999999992;0.4092213016115764
0.87439999999992;0.4092200246262038
0.87449999999992;0.40921873223580496
0.87459999999992;0.40921742426868646
0.87469999999992;0.4092161005514258
0.87479999999992;0.4092147609088565
0.87489999999992;0.4092134051640526
0.87499999999992;0.4092120331383133
0.8750999999999199;0.4092106446511478
0.8751999999999199;0.4092092395202596
0.8752999999999199;0.4092078175615308
0.8753999999999199;0.4092063785890065
0.8754999999999199;0.40920492241487877
0.8755999999999199;0.4092034488494708
0.8756999999999199;0.40920195770122075
0.8757999999999199;0.4092004487766656
0.8758999999999199;0.409198921880425
0.8759999999999198;0.40919737681518453
0.8760999999999198;0.4091958133816795
0.8761999999999198;0.4091942313786781
0.8762999999999198;0.40919263060296496
0.8763999999999198;0.40919101084932397
0.8764999999999198;0.4091893719105215
0.8765999999999198;0.4091877135772894
0.8766999999999198;0.4091860356383076
0.8767999999999198;0.409184337880187
0.8768999999999197;0.4091826200874521
0.8769999999999197;0.40918088204252334
0.8770999999999197;0.4091791235256995
0.8771999999999197;0.40917734431514
0.8772999999999197;0.40917554418684715
0.8773999999999197;0.40917372291464793
0.8774999999999197;0.409171880270176
0.8775999999999197;0.40917001602285363
0.8776999999999197;0.4091681299398733
0.8777999999999196;0.4091662217861792
0.8778999999999196;0.40916429132444865
0.8779999999999196;0.40916233831507376
0.8780999999999196;0.40916036251614224
0.8781999999999196;0.4091583636834187
0.8782999999999196;0.4091563415703255
0.8783999999999196;0.40915429592792396
0.8784999999999196;0.40915222650489474
0.8785999999999196;0.4091501330475185
0.8786999999999195;0.4091480152996568
0.8787999999999195;0.40914587300273186
0.8788999999999195;0.4091437058957075
0.8789999999999195;0.40914151371506874
0.8790999999999195;0.4091392961948023
0.8791999999999195;0.40913705306637616
0.8792999999999195;0.4091347840587195
0.8793999999999195;0.4091324888982024
0.8794999999999195;0.40913016730861546
0.8795999999999194;0.4091278190111489
0.8796999999999194;0.40912544372437243
0.8797999999999194;0.40912304116421394
0.8798999999999194;0.4091206110439387
0.8799999999999194;0.40911815307412863
0.8800999999999194;0.40911566696266066
0.8801999999999194;0.4091131524146858
0.8802999999999194;0.40911060913260744
0.8803999999999194;0.40910803681606006
0.8804999999999193;0.40910543516188747
0.8805999999999193;0.40910280386412096
0.8806999999999193;0.4091001426139575
0.8807999999999193;0.40909745109973766
0.8808999999999193;0.40909472900692345
0.8809999999999193;0.4090919760180762
0.8810999999999193;0.4090891918128337
0.8811999999999193;0.40908637606788845
0.8812999999999193;0.4090835284569643
0.8813999999999192;0.4090806486507939
0.8814999999999192;0.4090777363170961
0.8815999999999192;0.4090747911205525
0.8816999999999192;0.4090718127227846
0.8817999999999192;0.40906880078233043
0.8818999999999192;0.40906575495462116
0.8819999999999192;0.4090626748919576
0.8820999999999192;0.40905956024348655
0.8821999999999192;0.4090564106551771
0.8822999999999191;0.4090532257697967
0.8823999999999191;0.409050005226887
0.8824999999999191;0.4090467486627401
0.8825999999999191;0.4090434557103738
0.8826999999999191;0.4090401259995078
0.8827999999999191;0.4090367591565384
0.8828999999999191;0.40903335480451475
0.8829999999999191;0.4090299125631134
0.8830999999999191;0.40902643204861383
0.883199999999919;0.4090229128738732
0.883299999999919;0.4090193546483014
0.883399999999919;0.4090157569778357
0.883499999999919;0.4090121194649153
0.883599999999919;0.40900844170845596
0.883699999999919;0.40900472330382437
0.883799999999919;0.40900096384281226
0.883899999999919;0.40899716291361066
0.883999999999919;0.4089933201007839
0.884099999999919;0.40898943498524326
0.8841999999999189;0.40898550714422116
0.8842999999999189;0.4089815361512443
0.8843999999999189;0.4089775215761075
0.8844999999999189;0.40897346298484705
0.8845999999999189;0.40896935993971373
0.8846999999999189;0.40896521199914626
0.8847999999999189;0.4089610187177441
0.8848999999999189;0.40895677964624044
0.8849999999999189;0.4089524943314749
0.8850999999999188;0.40894816231636627
0.8851999999999188;0.40894378313988505
0.8852999999999188;0.40893935633702566
0.8853999999999188;0.40893488143877893
0.8854999999999188;0.40893035797210425
0.8855999999999188;0.4089257854599014
0.8856999999999188;0.4089211634209828
0.8857999999999188;0.40891649137004504
0.8858999999999188;0.40891176881764074
0.8859999999999187;0.4089069952701499
0.8860999999999187;0.40890217022975167
0.8861999999999187;0.4088972931943954
0.8862999999999187;0.4088923636577718
0.8863999999999187;0.4088873811092845
0.8864999999999187;0.4088823450340204
0.8865999999999187;0.4088772549127209
0.8866999999999187;0.4088721102217526
0.8867999999999187;0.408866910433078
0.8868999999999186;0.4088616550142255
0.8869999999999186;0.4088563434282606
0.8870999999999186;0.4088509751337556
0.8871999999999186;0.4088455495847599
0.8872999999999186;0.40884006623077
0.8873999999999186;0.40883452451669977
0.8874999999999186;0.4088289238828498
0.8875999999999186;0.4088232637648774
0.8876999999999186;0.4088175435937661
0.8877999999999185;0.4088117627957952
0.8878999999999185;0.40880592079250905
0.8879999999999185;0.4088000170006866
0.8880999999999185;0.40879405083231013
0.8881999999999185;0.40878802169453454
0.8882999999999185;0.4087819289896565
0.8883999999999185;0.40877577211508276
0.8884999999999185;0.4087695504632994
0.8885999999999185;0.4087632634218402
0.8886999999999184;0.4087569103732552
0.8887999999999184;0.408750490695079
0.8888999999999184;0.40874400375979947
0.8889999999999184;0.40873744893482544
0.8890999999999184;0.40873082558245516
0.8891999999999184;0.4087241330598442
0.8892999999999184;0.40871737071897324
0.8893999999999184;0.40871053790661616
0.8894999999999184;0.4087036339643075
0.8895999999999183;0.4086966582283102
0.8896999999999183;0.408689610029583
0.8897999999999183;0.40868248869374796
0.8898999999999183;0.4086752935410578
0.8899999999999183;0.40866802388636303
0.8900999999999183;0.4086606790390791
0.8901999999999183;0.40865325830315347
0.8902999999999183;0.40864576097703276
0.8903999999999183;0.40863818635362914
0.8904999999999182;0.40863053372028757
0.8905999999999182;0.40862280235875226
0.8906999999999182;0.4086149915451333
0.8907999999999182;0.4086071005498731
0.8908999999999182;0.4085991286377131
0.8909999999999182;0.4085910750676596
0.8910999999999182;0.4085829390929506
0.8911999999999182;0.4085747199610216
0.8912999999999182;0.4085664169134718
0.8913999999999181;0.40855802918603007
0.8914999999999181;0.40854955600852105
0.8915999999999181;0.40854099660483084
0.8916999999999181;0.40853235019287276
0.8917999999999181;0.4085236159845534
0.8918999999999181;0.40851479318573775
0.8919999999999181;0.4085058809962152
0.8920999999999181;0.4084968786096649
0.8921999999999181;0.40848778521362095
0.892299999999918;0.4084785999894382
0.892399999999918;0.4084693221122573
0.892499999999918;0.40845995075096975
0.892599999999918;0.40845048506818354
0.892699999999918;0.4084409242201878
0.892799999999918;0.40843126735691815
0.892899999999918;0.4084215136219215
0.892999999999918;0.40841166215232094
0.893099999999918;0.40840171207878095
0.893199999999918;0.40839166252547177
0.8932999999999179;0.4083815126100345
0.8933999999999179;0.40837126144354574
0.8934999999999179;0.40836090813048204
0.8935999999999179;0.40835045176868473
0.8936999999999179;0.4083398914493245
0.8937999999999179;0.4083292262568658
0.8938999999999179;0.40831845526903143
0.8939999999999179;0.4083075775567669
0.8940999999999178;0.40829659218420483
0.8941999999999178;0.40828549820862947
0.8942999999999178;0.4082742946804407
0.8943999999999178;0.4082629806431186
0.8944999999999178;0.4082515551331877
0.8945999999999178;0.40824001718018105
0.8946999999999178;0.40822836580660454
0.8947999999999178;0.408216600027901
0.8948999999999178;0.4082047188524144
0.8949999999999178;0.4081927212813539
0.8950999999999177;0.40818060630875813
0.8951999999999177;0.408168372921459
0.8952999999999177;0.408156020099046
0.8953999999999177;0.40814354681383014
0.8954999999999177;0.408130952030808
0.8955999999999177;0.40811823470762587
0.8956999999999177;0.40810539379454347
0.8957999999999177;0.40809242823439834
0.8958999999999177;0.40807933696256954
0.8959999999999176;0.40806611890694183
0.8960999999999176;0.4080527729878697
0.8961999999999176;0.4080392981181411
0.8962999999999176;0.4080256932029418
0.8963999999999176;0.40801195713981925
0.8964999999999176;0.40799808881864646
0.8965999999999176;0.40798408712158635
0.8966999999999176;0.4079699509230555
0.8967999999999176;0.4079556790896884
0.8968999999999175;0.40794127048030143
0.8969999999999175;0.40792672394585705
0.8970999999999175;0.40791203832942785
0.8971999999999175;0.40789721246616073
0.8972999999999175;0.40788224518324107
0.8973999999999175;0.4078671352998569
0.8974999999999175;0.4078518816271633
0.8975999999999175;0.40783648296824637
0.8976999999999175;0.40782093811808795
0.8977999999999174;0.4078052458635296
0.8978999999999174;0.4077894049832372
0.8979999999999174;0.4077734142476653
0.8980999999999174;0.4077572724190217
0.8981999999999174;0.40774097825123196
0.8982999999999174;0.40772453048990387
0.8983999999999174;0.4077079278722924
0.8984999999999174;0.407691169127264
0.8985999999999174;0.4076742529752617
0.8986999999999173;0.40765717812826996
0.8987999999999173;0.4076399432897792
0.8988999999999173;0.40762254715475127
0.8989999999999173;0.40760498840958403
0.8990999999999173;0.40758726573207693
0.8991999999999173;0.40756937779139585
0.8992999999999173;0.40755132324803856
0.8993999999999173;0.4075331007538
0.8994999999999173;0.4075147089517379
0.8995999999999172;0.4074961464761382
0.8996999999999172;0.4074774119524806
0.8997999999999172;0.4074585039974045
0.8998999999999172;0.4074394212186749
0.8999999999999172;0.4074201622151479
0.9000999999999172;0.4074007255767373
0.9001999999999172;0.4073811098843805
0.9002999999999172;0.40736131371000467
0.9003999999999172;0.40734133561649344
0.9004999999999171;0.40732117415765307
0.9005999999999171;0.4073008278781794
0.9006999999999171;0.4072802953136243
0.9007999999999171;0.40725957499036286
0.9008999999999171;0.40723866542556025
0.9009999999999171;0.4072175651271388
0.9010999999999171;0.4071962725937455
0.9011999999999171;0.4071747863147194
0.9012999999999171;0.40715310477005884
0.901399999999917;0.4071312264303898
0.901499999999917;0.4071091497569334
0.901599999999917;0.40708687320147385
0.901699999999917;0.40706439520632703
0.901799999999917;0.40704171420430857
0.901899999999917;0.40701882861870237
0.901999999999917;0.4069957368632296
0.902099999999917;0.4069724373420173
0.902199999999917;0.40694892844956754
0.902299999999917;0.40692520857072667
0.9023999999999169;0.4069012760806548
0.9024999999999169;0.40687712934479525
0.9025999999999169;0.4068527667188447
0.9026999999999169;0.40682818654872266
0.9027999999999169;0.4068033871705424
0.9028999999999169;0.4067783669105806
0.9029999999999169;0.4067531240852486
0.9030999999999169;0.40672765700106295
0.9031999999999168;0.4067019639546164
0.9032999999999168;0.40667604323254936
0.9033999999999168;0.4066498931115214
0.9034999999999168;0.4066235118581827
0.9035999999999168;0.40659689772914637
0.9036999999999168;0.40657004897096044
0.9037999999999168;0.40654296382008037
0.9038999999999168;0.4065156405028416
0.9039999999999168;0.4064880772354328
0.9040999999999167;0.4064602722238686
0.9041999999999167;0.40643222366396337
0.9042999999999167;0.4064039297413049
0.9043999999999167;0.40637538863122824
0.9044999999999167;0.40634659849878985
0.9045999999999167;0.4063175574987424
0.9046999999999167;0.4062882637755093
0.9047999999999167;0.40625871546316
0.9048999999999167;0.406228910685385
0.9049999999999166;0.406198847555472
0.9050999999999166;0.4061685241762812
0.9051999999999166;0.406137938640222
0.9052999999999166;0.4061070890292297
0.9053999999999166;0.4060759734147417
0.9054999999999166;0.4060445898576753
0.9055999999999166;0.4060129364084047
0.9056999999999166;0.40598101110673923
0.9057999999999166;0.40594881198190125
0.9058999999999165;0.40591633705250446
0.9059999999999165;0.40588358432653304
0.9060999999999165;0.40585055180132057
0.9061999999999165;0.4058172374635295
0.9062999999999165;0.4057836392891311
0.9063999999999165;0.40574975524338536
0.9064999999999165;0.40571558328082197
0.9065999999999165;0.4056811213452209
0.9066999999999165;0.40564636736959353
0.9067999999999165;0.4056113192761648
0.9068999999999164;0.40557597497635467
0.9069999999999164;0.4055403323707609
0.9070999999999164;0.4055043893491417
0.9071999999999164;0.40546814379039864
0.9072999999999164;0.40543159356256075
0.9073999999999164;0.4053947365227681
0.9074999999999164;0.4053575705172562
0.9075999999999164;0.40532009338134084
0.9076999999999164;0.40528230293940337
0.9077999999999163;0.4052441970048762
0.9078999999999163;0.40520577338022884
0.9079999999999163;0.40516702985695435
0.9080999999999163;0.4051279642155564
0.9081999999999163;0.40508857422553635
0.9082999999999163;0.40504885764538123
0.9083999999999163;0.4050088122225519
0.9084999999999163;0.4049684356934718
0.9085999999999163;0.4049277257835158
0.9086999999999162;0.40488668020700036
0.9087999999999162;0.404845296667173
0.9088999999999162;0.40480357285620333
0.9089999999999162;0.40476150645517367
0.9090999999999162;0.40471909513407095
0.9091999999999162;0.40467633655177837
0.9092999999999162;0.40463322835606813
0.9093999999999162;0.4045897681835942
0.9094999999999162;0.404545953659886
0.9095999999999161;0.40450178239934237
0.9096999999999161;0.404457252005226
0.9097999999999161;0.4044123600696584
0.9098999999999161;0.4043671041736158
0.9099999999999161;0.4043214818869248
0.9100999999999161;0.40427549076825925
0.9101999999999161;0.40422912836513725
0.9102999999999161;0.40418239221391916
0.910399999999916;0.40413527983980546
0.910499999999916;0.4040877887568357
0.910599999999916;0.4040399164678881
0.910699999999916;0.40399166046467916
0.910799999999916;0.4039430182277642
0.910899999999916;0.4038939872265386
0.910999999999916;0.4038445649192395
0.911099999999916;0.40379474875294763
0.911199999999916;0.4037445361635908
0.911299999999916;0.40369392457594666
0.9113999999999159;0.4036429114036472
0.9114999999999159;0.40359149404918315
0.9115999999999159;0.4035396699039093
0.9116999999999159;0.4034874363480505
0.9117999999999159;0.4034347907507079
0.9118999999999159;0.4033817304698661
0.9119999999999159;0.4033282528524012
0.9120999999999159;0.4032743552340889
0.9121999999999159;0.40322003493961345
0.9122999999999158;0.4031652892825778
0.9123999999999158;0.40311011556551324
0.9124999999999158;0.4030545110798911
0.9125999999999158;0.4029984731061339
0.9126999999999158;0.40294199891362786
0.9127999999999158;0.40288508576073595
0.9128999999999158;0.4028277308948114
0.9129999999999158;0.4027699315522123
0.9130999999999158;0.40271168495831644
0.9131999999999157;0.4026529883275372
0.9132999999999157;0.40259383886333994
0.9133999999999157;0.40253423375825914
0.9134999999999157;0.4024741701939163
0.9135999999999157;0.4024136453410385
0.9136999999999157;0.40235265635947787
0.9137999999999157;0.4022912003982312
0.9138999999999157;0.40222927459546126
0.9139999999999157;0.40216687607851787
0.9140999999999156;0.40210400196396034
0.9141999999999156;0.40204064935758044
0.9142999999999156;0.40197681535442614
0.9143999999999156;0.4019124970388261
0.9144999999999156;0.4018476914844148
0.9145999999999156;0.40178239575415897
0.9146999999999156;0.4017166069003839
0.9147999999999156;0.4016503219648014
0.9148999999999156;0.401583537978538
0.9149999999999155;0.4015162519621642
0.9150999999999155;0.40144846092572417
0.9151999999999155;0.401380161868767
0.9152999999999155;0.4013113517803777
0.9153999999999155;0.40124202763920985
0.9154999999999155;0.40117218641351887
0.9155999999999155;0.40110182506119585
0.9156999999999155;0.40103094052980226
0.9157999999999155;0.4009595297566059
0.9158999999999154;0.40088758966861726
0.9159999999999154;0.40081511718262663
0.9160999999999154;0.4007421092052426
0.9161999999999154;0.4006685626329309
0.9162999999999154;0.40059447435205425
0.9163999999999154;0.4005198412389132
0.9164999999999154;0.4004446601597876
0.9165999999999154;0.40036892797097906
0.9166999999999154;0.4002926415188544
0.9167999999999153;0.4002157976398898
0.9168999999999153;0.40013839316071576
0.9169999999999153;0.4000604248981634
0.9170999999999153;0.3999818896593109
0.9171999999999153;0.39990278424153175
0.9172999999999153;0.39982310543254296
0.9173999999999153;0.3997428500104549
0.9174999999999153;0.3996620147438218
0.9175999999999153;0.39958059639169297
0.9176999999999153;0.3994985917036653
0.9177999999999152;0.39941599741993655
0.9178999999999152;0.39933281027135914
0.9179999999999152;0.3992490269794958
0.9180999999999152;0.3991646442566753
0.9181999999999152;0.39907965880604934
0.9182999999999152;0.3989940673216508
0.9183999999999152;0.3989078664884524
0.9184999999999152;0.39882105298242665
0.9185999999999152;0.39873362347060654
0.9186999999999151;0.39864557461114747
0.9187999999999151;0.3985569030533898
0.9188999999999151;0.3984676054379228
0.9189999999999151;0.3983776783966491
0.9190999999999151;0.39828711855285037
0.9191999999999151;0.39819592252125424
0.9192999999999151;0.39810408690810156
0.9193999999999151;0.39801160831121535
0.919499999999915;0.3979184833200703
0.919599999999915;0.39782470851586327
0.919699999999915;0.3977302804715853
0.919799999999915;0.39763519575209383
0.919899999999915;0.39753945091418663
0.919999999999915;0.3974430425066764
0.920099999999915;0.3973459670704665
0.920199999999915;0.39724822113862746
0.920299999999915;0.39714980123647514
0.920399999999915;0.39705070388164915
0.9204999999999149;0.3969509255841928
0.9205999999999149;0.39685046284663394
0.9206999999999149;0.3967493121640669
0.9207999999999149;0.39664747002423534
0.9208999999999149;0.3965449329076163
0.9209999999999149;0.3964416972875052
0.9210999999999149;0.3963377596301021
0.9211999999999149;0.3962331163945986
0.9212999999999149;0.3961277640332661
0.9213999999999148;0.3960216989915454
0.9214999999999148;0.3959149177081367
0.9215999999999148;0.39580741661509106
0.9216999999999148;0.3956991921379031
0.9217999999999148;0.39559024069560444
0.9218999999999148;0.39548055870085835
0.9219999999999148;0.3953701425600555
0.9220999999999148;0.3952589886734108
0.9221999999999148;0.39514709343506127
0.9222999999999147;0.3950344532331651
0.9223999999999147;0.39492106445000186
0.9224999999999147;0.3948069234620733
0.9225999999999147;0.3946920266402062
0.9226999999999147;0.3945763703496552
0.9227999999999147;0.39445995095020775
0.9228999999999147;0.3943427647962895
0.9229999999999147;0.39422480823707096
0.9230999999999147;0.3941060776165755
0.9231999999999146;0.3939865692737883
0.9232999999999146;0.393866279542766
0.9233999999999146;0.39374520475274843
0.9234999999999146;0.39362334122827053
0.9235999999999146;0.3935006852892759
0.9236999999999146;0.3933772332512313
0.9237999999999146;0.3932529814252423
0.9238999999999146;0.39312792611816993
0.9239999999999146;0.3930020636327489
0.9240999999999145;0.3928753902677064
0.9241999999999145;0.39274790231788226
0.9242999999999145;0.3926195960743504
0.9243999999999145;0.3924904678245411
0.9244999999999145;0.3923605138523647
0.9245999999999145;0.3922297304383362
0.9246999999999145;0.3920981138597013
0.9247999999999145;0.39196566039056296
0.9248999999999145;0.39183236630201007
0.9249999999999144;0.3916982278622463
0.9250999999999144;0.39156324133672055
0.9251999999999144;0.39142740298825873
0.9252999999999144;0.39129070907719615
0.9253999999999144;0.3911531558615116
0.9254999999999144;0.3910147395969621
0.9255999999999144;0.39087545653721917
0.9256999999999144;0.39073530293400593
0.9257999999999144;0.3905942750372358
0.9258999999999143;0.3904523690951517
0.9259999999999143;0.39030958135446686
0.9260999999999143;0.3901659080605069
0.9261999999999143;0.39002134545735234
0.9262999999999143;0.38987588978798315
0.9263999999999143;0.38972953729442383
0.9264999999999143;0.3895822842178899
0.9265999999999143;0.3894341267989353
0.9266999999999143;0.38928506127760143
0.9267999999999142;0.38913508389356655
0.9268999999999142;0.3889841908862971
0.9269999999999142;0.3888323784951998
0.9270999999999142;0.38867964295977475
0.9271999999999142;0.38852598051977005
0.9272999999999142;0.38837138741533717
0.9273999999999142;0.3882158598871878
0.9274999999999142;0.38805939417675156
0.9275999999999142;0.387901986526335
0.9276999999999141;0.3877436331792817
0.9277999999999141;0.3875843303801335
0.9278999999999141;0.38742407437479304
0.9279999999999141;0.3872628614106868
0.9280999999999141;0.3871006877369301
0.9281999999999141;0.38693754960449295
0.9282999999999141;0.3867734432663665
0.9283999999999141;0.38660836497773127
0.9284999999999141;0.3864423109961264
0.928599999999914;0.3862752775816196
0.928699999999914;0.38610726099697873
0.928799999999914;0.3859382575078441
0.928899999999914;0.38576826338290215
0.928999999999914;0.38559727489406026
0.929099999999914;0.3854252883166221
0.929199999999914;0.385252299929465
0.929299999999914;0.3850783060152178
0.929399999999914;0.3849033028604398
0.929499999999914;0.38472728675580103
0.9295999999999139;0.38455025399626375
0.9296999999999139;0.38437220088126434
0.9297999999999139;0.38419312371489733
0.9298999999999139;0.3840130188060994
0.9299999999999139;0.3838318824688354
0.9300999999999139;0.3836497110222847
0.9301999999999139;0.3834665007910294
0.9302999999999139;0.3832822481052426
0.9303999999999139;0.3830969493008788
0.9304999999999138;0.3829106007198644
0.9305999999999138;0.3827231987102901
0.9306999999999138;0.3825347396266036
0.9307999999999138;0.38234521982980413
0.9308999999999138;0.382154635687637
0.9309999999999138;0.38196298357479047
0.9310999999999138;0.3817702598730923
0.9311999999999138;0.38157646097170844
0.9312999999999138;0.3813815832673421
0.9313999999999137;0.38118562316443405
0.9314999999999137;0.38098857707536404
0.9315999999999137;0.38079044142065277
0.9316999999999137;0.3805912126291657
0.9317999999999137;0.3803908871383167
0.9318999999999137;0.380189461394274
0.9319999999999137;0.37998693185216603
0.9320999999999137;0.3797832949762887
0.9321999999999137;0.379578547240314
0.9322999999999136;0.3793726851274985
0.9323999999999136;0.37916570513089426
0.9324999999999136;0.3789576037535595
0.9325999999999136;0.3787483775087708
0.9326999999999136;0.37853802292023586
0.9327999999999136;0.3783265365223079
0.9328999999999136;0.37811391486020013
0.9329999999999136;0.3779001544902017
0.9330999999999136;0.37768525197989433
0.9331999999999135;0.37746920390837013
0.9332999999999135;0.3772520068664497
0.9333999999999135;0.3770336574569022
0.9334999999999135;0.37681415229466475
0.9335999999999135;0.37659348800706455
0.9336999999999135;0.3763716612340402
0.9337999999999135;0.37614866862836505
0.9338999999999135;0.37592450685587075
0.9339999999999135;0.375699172595672
0.9340999999999134;0.3754726625403918
0.9341999999999134;0.375244973396388
0.9342999999999134;0.3750161018839804
0.9343999999999134;0.37478604473767824
0.9344999999999134;0.3745547987064097
0.9345999999999134;0.3743223605537507
0.9346999999999134;0.37408872705815566
0.9347999999999134;0.37385389501318855
0.9348999999999134;0.3736178612277546
0.9349999999999133;0.37338062252633314
0.9350999999999133;0.3731421757492109
0.9351999999999133;0.3729025177527161
0.9352999999999133;0.37266164540945346
0.9353999999999133;0.3724195556085397
0.9354999999999133;0.37217624525583987
0.9355999999999133;0.37193171127420455
0.9356999999999133;0.3716859506037073
0.9357999999999133;0.37143896020188316
0.9358999999999132;0.3711907370439678
0.9359999999999132;0.37094127812313743
0.9360999999999132;0.37069058045074865
0.9361999999999132;0.37043864105658025
0.9362999999999132;0.3701854569890743
0.9363999999999132;0.3699310253155787
0.9364999999999132;0.3696753431225902
0.9365999999999132;0.3694184075159977
0.9366999999999132;0.3691602156213266
0.9367999999999131;0.36890076458398335
0.9368999999999131;0.36864005156950064
0.9369999999999131;0.3683780737637836
0.9370999999999131;0.3681148283733558
0.9371999999999131;0.36785031262560614
0.9372999999999131;0.3675845237690367
0.9373999999999131;0.36731745907351027
0.9374999999999131;0.36704911583049893
0.9375999999999131;0.366779491353333
0.937699999999913;0.3665085829774504
0.937799999999913;0.3662363880606468
0.937899999999913;0.3659629039833253
0.937999999999913;0.36568812814874796
0.938099999999913;0.3654120579832863
0.938199999999913;0.36513469093667345
0.938299999999913;0.36485602448225574
0.938399999999913;0.3645760561172454
0.938499999999913;0.36429478336297305
0.938599999999913;0.364012203765141
0.9386999999999129;0.3637283148940766
0.9387999999999129;0.3634431143449862
0.9388999999999129;0.36315659973820913
0.9389999999999129;0.36286876871947216
0.9390999999999129;0.36257961896014423
0.9391999999999129;0.3622891481574916
0.9392999999999129;0.36199735403493283
0.9393999999999129;0.3617042343422945
0.9394999999999128;0.361409786856067
0.9395999999999128;0.3611140093796605
0.9396999999999128;0.3608168997436609
0.9397999999999128;0.36051845580608666
0.9398999999999128;0.3602186754526449
0.9399999999999128;0.35991755659698865
0.9400999999999128;0.35961509718097323
0.9401999999999128;0.3593112951749136
0.9402999999999128;0.3590061485778414
0.9403999999999128;0.3586996554177623
0.9404999999999127;0.3583918137519131
0.9405999999999127;0.3580826216670194
0.9406999999999127;0.35777207727955307
0.9407999999999127;0.3574601787359897
0.9408999999999127;0.35714692421306604
0.9409999999999127;0.3568323119180379
0.9410999999999127;0.3565163400889374
0.9411999999999127;0.3561990069948306
0.9412999999999127;0.35588031093607525
0.9413999999999126;0.355560250244578
0.9414999999999126;0.3552388232840519
0.9415999999999126;0.35491602845027376
0.9416999999999126;0.3545918641713413
0.9417999999999126;0.3542663289079304
0.9418999999999126;0.3539394211535519
0.9419999999999126;0.3536111394348087
0.9420999999999126;0.3532814823116522
0.9421999999999126;0.3529504483776388
0.9422999999999125;0.35261803626018645
0.9423999999999125;0.3522842446208305
0.9424999999999125;0.35194907215547966
0.9425999999999125;0.3516125175946715
0.9426999999999125;0.351274579703828
0.9427999999999125;0.35093525728351044
0.9428999999999125;0.3505945491696742
0.9429999999999125;0.3502524542339232
0.9430999999999125;0.3499089713837642
0.9431999999999124;0.34956409956286016
0.9432999999999124;0.3492178377512841
0.9433999999999124;0.3488701849657718
0.9434999999999124;0.3485211402599745
0.9435999999999124;0.34817070272471096
0.9436999999999124;0.34781887148821944
0.9437999999999124;0.3474656457164089
0.9438999999999124;0.3471110246131096
0.9439999999999124;0.3467550074203237
0.9440999999999123;0.3463975934184749
0.9441999999999123;0.3460387819266577
0.9442999999999123;0.34567857230288623
0.9443999999999123;0.3453169639443423
0.9444999999999123;0.34495395628762293
0.9445999999999123;0.34458954880898746
0.9446999999999123;0.34422374102460396
0.9447999999999123;0.3438565324907945
0.9448999999999123;0.34348792280428064
0.9449999999999122;0.3431179116024277
0.9450999999999122;0.34274649856348816
0.9451999999999122;0.34237368340684493
0.9452999999999122;0.34199946589325336
0.9453999999999122;0.34162384582508276
0.9454999999999122;0.3412468230465572
0.9455999999999122;0.340868397443995
0.9456999999999122;0.34048856894604845
0.9457999999999122;0.34010733752394146
0.9458999999999121;0.3397247031917072
0.9459999999999121;0.3393406660064249
0.9460999999999121;0.33895522606845474
0.9461999999999121;0.33856838352167345
0.9462999999999121;0.33818013855370765
0.9463999999999121;0.3377904913961667
0.9464999999999121;0.3373994423248746
0.9465999999999121;0.3370069916601013
0.9466999999999121;0.3366131397667919
0.946799999999912;0.3362178870547961
0.946899999999912;0.3358212339790958
0.946999999999912;0.3354231810400319
0.947099999999912;0.3350237287835298
0.947199999999912;0.33462287780132466
0.947299999999912;0.33422062873118386
0.947399999999912;0.33381698225713
0.947499999999912;0.333411939109662
0.947599999999912;0.33300550006597474
0.947699999999912;0.33259766595017815
0.9477999999999119;0.3321884376335146
0.9478999999999119;0.33177781603457523
0.9479999999999119;0.3313658021195151
0.9480999999999119;0.33095239690226674
0.9481999999999119;0.33053760144475275
0.9482999999999119;0.3301214168570969
0.9483999999999119;0.32970384429783395
0.9484999999999119;0.3292848849741182
0.9485999999999118;0.32886454014193
0.9486999999999118;0.3284428111062823
0.9487999999999118;0.32801969922142415
0.9488999999999118;0.32759520589104363
0.9489999999999118;0.32716933256846953
0.9490999999999118;0.3267420807568707
0.9491999999999118;0.3263134520094548
0.9492999999999118;0.3258834479296647
0.9493999999999118;0.3254520701713744
0.9494999999999117;0.325019320439082
0.9495999999999117;0.32458520048810247
0.9496999999999117;0.32414971212475774
0.9497999999999117;0.3237128572065658
0.9498999999999117;0.3232746376424281
0.9499999999999117;0.3228350553928149
0.9500999999999117;0.3223941124699494
0.9501999999999117;0.32195181093799
0.9502999999999117;0.32150815291321055
0.9503999999999116;0.3210631405641794
0.9504999999999116;0.3206167761119362
0.9505999999999116;0.32016906183016736
0.9506999999999116;0.31972000004537937
0.9507999999999116;0.3192695931370704
0.9508999999999116;0.3188178435378999
0.9509999999999116;0.3183647537338569
0.9510999999999116;0.31791032626442584
0.9511999999999116;0.31745456372275055
0.9512999999999115;0.31699746875579676
0.9513999999999115;0.3165390440645122
0.9514999999999115;0.3160792924039851
0.9515999999999115;0.31561821658360023
0.9516999999999115;0.3151558194671936
0.9517999999999115;0.3146921039732046
0.9518999999999115;0.3142270730748264
0.9519999999999115;0.3137607298001542
0.9520999999999115;0.3132930772323312
0.9521999999999115;0.3128241185096931
0.9522999999999114;0.31235385682590977
0.9523999999999114;0.31188229543012513
0.9524999999999114;0.311409437627095
0.9525999999999114;0.3109352867773224
0.9526999999999114;0.3104598462971913
0.9527999999999114;0.3099831196590972
0.9528999999999114;0.3095051103915765
0.9529999999999114;0.3090258220794332
0.9530999999999114;0.30854525836386276
0.9531999999999113;0.30806342294257494
0.9532999999999113;0.3075803195699133
0.9533999999999113;0.30709595205697254
0.9534999999999113;0.3066103242717141
0.9535999999999113;0.3061234401390788
0.9536999999999113;0.30563530364109703
0.9537999999999113;0.30514591881699743
0.9538999999999113;0.3046552897633121
0.9539999999999113;0.30416342063397983
0.9540999999999112;0.30367031564044716
0.9541999999999112;0.30317597905176663
0.9542999999999112;0.3026804151946925
0.9543999999999112;0.3021836284537744
0.9544999999999112;0.30168562327144777
0.9545999999999112;0.30118640414812264
0.9546999999999112;0.30068597564226923
0.9547999999999112;0.30018434237050085
0.9548999999999112;0.29968150900765517
0.9549999999999111;0.2991774802868717
0.9550999999999111;0.2986722609996674
0.9551999999999111;0.29816585599600975
0.9552999999999111;0.29765827018438623
0.9553999999999111;0.29714950853187255
0.9554999999999111;0.2966395760641969
0.9555999999999111;0.2961284778658023
0.9556999999999111;0.295616219079906
0.955799999999911;0.29510280490855584
0.955899999999911;0.2945882406126847
0.955999999999911;0.29407253151216106
0.956099999999911;0.2935556829858379
0.956199999999911;0.29303770047159783
0.956299999999911;0.2925185894663962
0.956399999999911;0.29199835552630093
0.956499999999911;0.2914770042665296
0.956599999999911;0.2909545413614838
0.956699999999911;0.29043097254478023
0.9567999999999109;0.28990630360927994
0.9568999999999109;0.2893805404071129
0.9569999999999109;0.2888536888497018
0.9570999999999109;0.28832575490778095
0.9571999999999109;0.2877967446114136
0.9572999999999109;0.28726666405000584
0.9573999999999109;0.2867355193723172
0.9574999999999109;0.286203316786469
0.9575999999999109;0.285670062559949
0.9576999999999108;0.2851357630196134
0.9577999999999108;0.28460042455168594
0.9578999999999108;0.2840640536017536
0.9579999999999108;0.2835266566747596
0.9580999999999108;0.2829882403349929
0.9581999999999108;0.28244881120607535
0.9582999999999108;0.2819083759709449
0.9583999999999108;0.2813669413718365
0.9584999999999108;0.2808245142102591
0.9585999999999107;0.28028110134697043
0.9586999999999107;0.27973670970194786
0.9587999999999107;0.2791913462543566
0.9588999999999107;0.2786450180425143
0.9589999999999107;0.27809773216385314
0.9590999999999107;0.2775494957748782
0.9591999999999107;0.27700031609112274
0.9592999999999107;0.27645020038710044
0.9593999999999107;0.27589915599625414
0.9594999999999106;0.27534719031090216
0.9595999999999106;0.2747943107821799
0.9596999999999106;0.27424052491997986
0.9597999999999106;0.27368584029288734
0.9598999999999106;0.273130264528113
0.9599999999999106;0.27257380531142283
0.9600999999999106;0.2720164703870639
0.9601999999999106;0.27145826755768765
0.9602999999999106;0.27089920468426903
0.9603999999999105;0.2703392896860235
0.9604999999999105;0.2697785305403193
0.9605999999999105;0.2692169352825879
0.9606999999999105;0.26865451200622975
0.9607999999999105;0.26809126886251766
0.9608999999999105;0.26752721406049634
0.9609999999999105;0.26696235586687894
0.9610999999999105;0.2663967026059398
0.9611999999999105;0.2658302626594041
0.9612999999999104;0.26526304446633453
0.9613999999999104;0.2646950565230135
0.9614999999999104;0.2641263073828231
0.9615999999999104;0.2635568056561213
0.9616999999999104;0.2629865600101141
0.9617999999999104;0.2624155791687255
0.9618999999999104;0.2618438719124631
0.9619999999999104;0.2612714470782806
0.9620999999999104;0.26069831355943685
0.9621999999999103;0.26012448030535174
0.9622999999999103;0.25954995632145805
0.9623999999999103;0.25897475066905096
0.9624999999999103;0.2583988724651325
0.9625999999999103;0.25782233088225437
0.9626999999999103;0.2572451351483559
0.9627999999999103;0.2566672945465993
0.9628999999999103;0.25608881841520137
0.9629999999999103;0.2555097161472615
0.9630999999999103;0.2549299971905863
0.9631999999999102;0.25434967104751144
0.9632999999999102;0.2537687472747188
0.9633999999999102;0.2531872354830511
0.9634999999999102;0.2526051453373229
0.9635999999999102;0.25202248655612774
0.9636999999999102;0.2514392689116425
0.9637999999999102;0.2508555022294275
0.9638999999999102;0.250271196388224
0.9639999999999102;0.2496863613197473
0.9640999999999101;0.2491010070084773
0.9641999999999101;0.24851514349144488
0.9642999999999101;0.24792878085801512
0.9643999999999101;0.24734192924966716
0.9644999999999101;0.24675459885977044
0.9645999999999101;0.24616679993335727
0.9646999999999101;0.24557854276689264
0.9647999999999101;0.24498983770803967
0.96489999999991;0.2444006951554222
0.96499999999991;0.24381112555838394
0.96509999999991;0.24322113941674367
0.96519999999991;0.24263074728054757
0.96529999999991;0.24203995974981785
0.96539999999991;0.24144878747429774
0.96549999999991;0.24085724115319343
0.96559999999991;0.24026533153491234
0.96569999999991;0.23967306941679795
0.96579999999991;0.2390804656448612
0.9658999999999099;0.2384875311135088
0.9659999999999099;0.23789427676526745
0.9660999999999099;0.23730071359050528
0.9661999999999099;0.23670685262714958
0.9662999999999099;0.23611270496040118
0.9663999999999099;0.23551828172244543
0.9664999999999099;0.23492359409215982
0.9665999999999099;0.23432865329481806
0.9666999999999099;0.23373347060179112
0.9667999999999098;0.2331380573302445
0.9668999999999098;0.23254242484283236
0.9669999999999098;0.2319465845473883
0.9670999999999098;0.23135054789661277
0.9671999999999098;0.2307543263877569
0.9672999999999098;0.23015793156230344
0.9673999999999098;0.22956137500564397
0.9674999999999098;0.22896466834675308
0.9675999999999098;0.22836782325785904
0.9676999999999097;0.2277708514541112
0.9677999999999097;0.2271737646932443
0.9678999999999097;0.2265765747752391
0.9679999999999097;0.22597929354198024
0.9680999999999097;0.2253819328769105
0.9681999999999097;0.22478450470468173
0.9682999999999097;0.22418702099080293
0.9683999999999097;0.22358949374128473
0.9684999999999097;0.2229919350022808
0.9685999999999096;0.2223943568597261
0.9686999999999096;0.221796771438972
0.9687999999999096;0.22119919090441775
0.9688999999999096;0.22060162745913955
0.9689999999999096;0.2200040933445157
0.9690999999999096;0.21940660083984914
0.9691999999999096;0.21880916226198668
0.9692999999999096;0.21821178996493495
0.9693999999999096;0.21761449633947363
0.9694999999999095;0.21701729381276505
0.9695999999999095;0.2164201948479613
0.9696999999999095;0.21582321194380794
0.9697999999999095;0.2152263576342445
0.9698999999999095;0.21462964448800254
0.9699999999999095;0.21403308510819993
0.9700999999999095;0.21343669213193286
0.9701999999999095;0.21284047822986435
0.9702999999999095;0.21224445610580994
0.9703999999999094;0.21164863849632057
0.9704999999999094;0.2110530381702623
0.9705999999999094;0.2104576679283933
0.9706999999999094;0.20986254060293785
0.9707999999999094;0.2092676690571573
0.9708999999999094;0.20867306618491857
0.9709999999999094;0.20807874491025938
0.9710999999999094;0.20748471818695083
0.9711999999999094;0.20689099899805724
0.9712999999999093;0.20629760035549302
0.9713999999999093;0.20570453529957686
0.9714999999999093;0.20511181689858318
0.9715999999999093;0.20451945824829096
0.9716999999999093;0.20392747247152937
0.9717999999999093;0.20333587271772136
0.9718999999999093;0.20274467216242406
0.9719999999999093;0.20215388400686682
0.9720999999999093;0.20156352147748655
0.9721999999999092;0.20097359782546012
0.9722999999999092;0.20038412632623484
0.9723999999999092;0.19979512027905572
0.9724999999999092;0.1992065930064905
0.9725999999999092;0.19861855785395194
0.9726999999999092;0.1980310281892181
0.9727999999999092;0.19744401740194936
0.9728999999999092;0.19685753890320365
0.9729999999999092;0.19627160612494893
0.9730999999999091;0.19568623251957312
0.9731999999999091;0.19510143155939222
0.9732999999999091;0.19451721673615519
0.9733999999999091;0.1939336015605473
0.9734999999999091;0.1933505995616905
0.9735999999999091;0.1927682242866423
0.9736999999999091;0.19218648929989127
0.9737999999999091;0.1916054081828512
0.9738999999999091;0.19102499453335284
0.973999999999909;0.19044526196513298
0.974099999999909;0.1898662241073221
0.974199999999909;0.18928789460392917
0.974299999999909;0.18871028711332477
0.974399999999909;0.18813341530772196
0.974499999999909;0.18755729287265507
0.974599999999909;0.18698193350645648
0.974699999999909;0.18640735091973137
0.974799999999909;0.18583355883483046
0.974899999999909;0.1852605709853209
0.9749999999999089;0.18468840111545498
0.9750999999999089;0.18411706297963715
0.9751999999999089;0.18354657034188918
0.9752999999999089;0.18297693697531317
0.9753999999999089;0.18240817666155312
0.9754999999999089;0.1818403031902545
0.9755999999999089;0.18127333035852194
0.9756999999999089;0.18070727197037556
0.9757999999999089;0.18014214183620503
0.9758999999999088;0.17957795377222252
0.9759999999999088;0.1790147215999136
0.9760999999999088;0.17845245914548677
0.9761999999999088;0.1778911802393211
0.9762999999999088;0.17733089871541272
0.9763999999999088;0.1767716284108194
0.9764999999999088;0.17621338316510374
0.9765999999999088;0.17565617681977505
0.9766999999999088;0.17510002321772955
0.9767999999999087;0.17454493620268935
0.9768999999999087;0.17399092961863993
0.9769999999999087;0.1734380173092662
0.9770999999999087;0.17288621311738758
0.9771999999999087;0.1723355308843914
0.9772999999999087;0.17178598444966514
0.9773999999999087;0.17123758765002775
0.9774999999999087;0.1706903543191593
0.9775999999999087;0.1701442982870299
0.9776999999999086;0.1695994333793272
0.9777999999999086;0.16905577341688288
0.9778999999999086;0.16851333221509823
0.9779999999999086;0.1679721235833684
0.9780999999999086;0.16743216132450603
0.9781999999999086;0.16689345923416346
0.9782999999999086;0.16635603110025457
0.9783999999999086;0.16581989070237507
0.9784999999999086;0.16528505181122252
0.9785999999999085;0.1647515281880152
0.9786999999999085;0.16421933358391028
0.9787999999999085;0.1636884817394211
0.9788999999999085;0.163158986383834
0.9789999999999085;0.16263086123462397
0.9790999999999085;0.1621041199968705
0.9791999999999085;0.16157877636267157
0.9792999999999085;0.16105484401055828
0.9793999999999085;0.1605323366049081
0.9794999999999084;0.16001126779535796
0.9795999999999084;0.15949165121621678
0.9796999999999084;0.15897350048587744
0.9797999999999084;0.15845682920622856
0.9798999999999084;0.15794165096206575
0.9799999999999084;0.1574279793205023
0.9800999999999084;0.1569158278303801
0.9801999999999084;0.1564052100216799
0.9802999999999084;0.1558961394049312
0.9803999999999083;0.15538862947062226
0.9804999999999083;0.15488269368861002
0.9805999999999083;0.15437834550752927
0.9806999999999083;0.15387559835420245
0.9807999999999083;0.15337446563304896
0.9808999999999083;0.15287496072549456
0.9809999999999083;0.1523770969893808
0.9810999999999083;0.15188088775837438
0.9811999999999083;0.15138634634137688
0.9812999999999082;0.15089348602193414
0.9813999999999082;0.1504023200576463
0.9814999999999082;0.1499128616795778
0.9815999999999082;0.14942512409166725
0.9816999999999082;0.14893912047013846
0.9817999999999082;0.1484548639629108
0.9818999999999082;0.14797236768901056
0.9819999999999082;0.14749164473798232
0.9820999999999082;0.147012708169301
0.9821999999999081;0.14653557101178405
0.9822999999999081;0.1460602462630045
0.9823999999999081;0.14558674688870404
0.9824999999999081;0.14511508582220728
0.9825999999999081;0.14464527596383603
0.9826999999999081;0.14417733018032453
0.9827999999999081;0.14371126130423528
0.9828999999999081;0.1432470821333755
0.9829999999999081;0.14278480543021438
0.983099999999908;0.14232444392130145
0.983199999999908;0.14186601029668483
0.983299999999908;0.14140951720933148
0.983399999999908;0.1409549772745476
0.983499999999908;0.1405024030694001
0.983599999999908;0.14005180713213916
0.983699999999908;0.1396032019616219
0.983799999999908;0.13915660001673646
0.983899999999908;0.13871201371582814
0.983999999999908;0.13826945543612568
0.9840999999999079;0.13782893751316938
0.9841999999999079;0.13739047224024026
0.9842999999999079;0.13695407186778985
0.9843999999999079;0.1365197486028722
0.9844999999999079;0.13608751460857654
0.9845999999999079;0.13565738200346145
0.9846999999999079;0.1352293628609904
0.9847999999999079;0.13480346920896857
0.9848999999999078;0.13437971302898144
0.9849999999999078;0.13395810625583454
0.9850999999999078;0.13353866077699483
0.9851999999999078;0.13312138843203347
0.9852999999999078;0.1327063010120707
0.9853999999999078;0.13229341025922176
0.9854999999999078;0.1318827278660445
0.9855999999999078;0.13147426547498925
0.9856999999999078;0.13106803467784983
0.9857999999999078;0.13066404701521667
0.9858999999999077;0.13026231397593152
0.9859999999999077;0.129862846996544
0.9860999999999077;0.12946565746077054
0.9861999999999077;0.12907075669895435
0.9862999999999077;0.12867815598752802
0.9863999999999077;0.1282878665484779
0.9864999999999077;0.1278998995488106
0.9865999999999077;0.12751426610002115
0.9866999999999077;0.12713097725756378
0.9867999999999076;0.1267500440203247
0.9868999999999076;0.1263714773300964
0.9869999999999076;0.12599528807105548
0.9870999999999076;0.12562148706924103
0.9871999999999076;0.1252500850920369
0.9872999999999076;0.12488109284765514
0.9873999999999076;0.12451452098462223
0.9874999999999076;0.12415038009126766
0.9875999999999076;0.12378868069521493
0.9876999999999075;0.12342943326287459
0.9877999999999075;0.12307264819894059
0.9878999999999075;0.12271833584588837
0.9879999999999075;0.12236650648347558
0.9880999999999075;0.12201717032824588
0.9881999999999075;0.12167033753303502
0.9882999999999075;0.12132601818647926
0.9883999999999075;0.12098422231252692
0.9884999999999075;0.12064495986995266
0.9885999999999074;0.12030824075187402
0.9886999999999074;0.11997407478527122
0.9887999999999074;0.11964247173050963
0.9888999999999074;0.11931344128086485
0.9889999999999074;0.11898699306205096
0.9890999999999074;0.1186631366317516
0.9891999999999074;0.11834188147915387
0.9892999999999074;0.11802323702448514
0.9893999999999074;0.11770721261855333
0.9894999999999073;0.11739381754228945
0.9895999999999073;0.11708306100629401
0.9896999999999073;0.11677495215038591
0.9897999999999073;0.11646950004315476
0.9898999999999073;0.11616671368151615
0.9899999999999073;0.11586660199027049
0.9900999999999073;0.11556917382166454
0.9901999999999073;0.11527443795495657
0.9902999999999073;0.11498240309598462
0.9903999999999072;0.11469307787673821
0.9904999999999072;0.11440647085493327
0.9905999999999072;0.1141225905135902
0.9906999999999072;0.11384144526061601
0.9907999999999072;0.11356304342838908
0.9908999999999072;0.11328739327334791
0.9909999999999072;0.11301450297558313
0.9910999999999072;0.11274438063843306
0.9911999999999072;0.11247703428808281
0.9912999999999071;0.11221247187316685
0.9913999999999071;0.11195070126437545
0.9914999999999071;0.11169173025406426
0.9915999999999071;0.11143556655586812
0.9916999999999071;0.11118221780431797
0.9917999999999071;0.11093169155446192
0.9918999999999071;0.11068399528148964
0.9919999999999071;0.11043913638036096
0.9920999999999071;0.1101971221654377
0.992199999999907;0.10995795987011991
0.992299999999907;0.10972165664648531
0.992399999999907;0.10948821956493304
0.992499999999907;0.10925765561383116
0.992599999999907;0.109029971699168
0.992699999999907;0.10880517464420741
0.992799999999907;0.10858327118914807
0.992899999999907;0.10836426799078658
0.992999999999907;0.10814817162218499
0.993099999999907;0.10793498857234174
0.9931999999999069;0.10772472524586696
0.9932999999999069;0.10751738796266203
0.9933999999999069;0.10731298295760283
0.9934999999999069;0.10711151638022731
0.9935999999999069;0.10691299429442741
0.9936999999999069;0.10671742267814449
0.9937999999999069;0.10652480742306958
0.9938999999999069;0.10633515433434759
0.9939999999999068;0.10614846913028575
0.9940999999999068;0.10596475744206613
0.9941999999999068;0.10578402481346272
0.9942999999999068;0.10560627670056244
0.9943999999999068;0.10543151847149096
0.9944999999999068;0.10525975540614207
0.9945999999999068;0.10509099269591227
0.9946999999999068;0.10492523544343896
0.9947999999999068;0.10476248866234339
0.9948999999999067;0.10460275727697804
0.9949999999999067;0.10444604612217823
0.9950999999999067;0.10429235994301816
0.9951999999999067;0.10414170339457157
0.9952999999999067;0.10399408104167657
0.9953999999999067;0.1038494973587053
0.9954999999999067;0.10370795672933791
0.9955999999999067;0.10356946344634099
0.9956999999999067;0.10343402171135047
0.9957999999999066;0.10330163563465933
0.9958999999999066;0.10317230923500975
0.9959999999999066;0.10304604643938964
0.9960999999999066;0.10292285108283394
0.9961999999999066;0.10280272690823067
0.9962999999999066;0.10268567756613106
0.9963999999999066;0.102571706614565
0.9964999999999066;0.10246081751886049
0.9965999999999066;0.10235301365146832
0.9966999999999065;0.10224829829179088
0.9967999999999065;0.10214667462601607
0.9968999999999065;0.10204814574695564
0.9969999999999065;0.10195271465388828
0.9970999999999065;0.10186038425240751
0.9971999999999065;0.10177115735427433
0.9972999999999065;0.1016850366772743
0.9973999999999065;0.10160202484507969
0.9974999999999065;0.10152212438711633
0.9975999999999065;0.10144533773843495
0.9976999999999064;0.10137166723958779
0.9977999999999064;0.10130111513650936
0.9978999999999064;0.10123368358040258
0.9979999999999064;0.10116937462762943
0.9980999999999064;0.10110819023960621
0.9981999999999064;0.10105013228270421
0.9982999999999064;0.10099520252815447
0.9983999999999064;0.10094340265195789
0.9984999999999064;0.1008947342348
0.9985999999999063;0.10084919876197063
0.9986999999999063;0.10080679762328809
0.9987999999999063;0.10076753211302886
0.9988999999999063;0.10073140342986131
0.9989999999999063;0.1006984126767852
0.9990999999999063;0.10066856086107512
0.9991999999999063;0.10064184889422956
0.9992999999999063;0.10061827759192421
0.9993999999999063;0.10059784767397073
0.9994999999999062;0.1005805597642801
0.9995999999999062;0.10056641439083053
0.9996999999999062;0.100555411985641
0.9997999999999062;0.10054755288474898
0.9998999999999062;0.10054283732819358
0.9999999999999062;0.10054126546000308
1.0000999999999063;0.1005428373281877
